244	42	217	25	111	168	32	184	96	217	159	43	2	8	192	170	174	18	143	153	47	105	113	163	131	75	234	174	98	104	163	228	202	195	0	16	123	59	148	41	103	127	240	137	201	185	239	105	115	114	10	31	131	224	137	63	225	228	44	244	180	232	181	223	34	58	104	155	22	8	131	208	41	209	123	147	91	21	187	139	23	227	223	233	38	99	209	8	246	7	39	22	163	74	40	32	194	218	71	102
180	16	180	111	27	52	80	82	89	156	130	245	52	28	178	82	123	203	47	59	210	34	118	186	145	209	159	232	124	219	27	22	33	159	121	17	100	144	143	48	166	202	86	103	165	221	27	231	170	109	136	168	177	146	57	181	110	188	7	236	93	203	55	211	68	242	249	167	63	115	204	48	180	170	56	13	94	157	2	224	206	94	46	210	82	230	187	71	151	49	161	23	10	98	196	92	119	20	105	132
35	9	214	184	131	237	88	145	13	34	110	80	12	170	194	228	27	224	176	78	250	113	42	48	222	169	174	136	140	190	26	206	62	250	61	249	198	44	99	141	63	194	201	58	11	148	96	185	85	15	135	103	199	42	200	101	253	72	38	15	54	91	91	101	53	39	239	75	171	152	201	57	116	59	213	41	135	176	245	225	148	77	13	209	39	184	118	102	162	32	180	70	231	91	7	165	83	109	81	200
137	154	90	184	111	190	86	254	250	127	224	28	13	134	202	68	151	0	249	81	123	111	64	204	218	150	122	223	30	62	61	122	229	177	178	131	61	169	171	112	15	123	57	48	50	239	62	245	88	22	39	179	207	58	124	193	192	230	194	116	22	113	72	74	37	216	246	252	27	3	233	212	89	54	40	241	130	217	65	201	148	166	3	217	216	253	65	181	158	192	97	216	172	225	169	90	229	146	44	251
211	198	199	185	202	132	141	135	86	194	115	240	29	205	148	94	135	146	84	172	9	74	153	176	119	140	231	201	80	218	44	116	1	171	18	201	143	64	106	251	102	156	117	131	155	156	3	74	187	127	96	122	35	221	130	86	80	88	244	47	145	150	113	216	117	181	241	152	183	58	91	67	53	189	206	140	199	85	221	228	210	72	214	52	28	212	98	225	100	140	138	169	254	217	171	135	26	92	108	126
77	84	39	5	238	13	15	199	217	240	182	148	69	97	241	125	90	218	164	218	124	231	212	15	177	108	101	32	120	229	238	211	254	12	8	172	169	90	114	58	131	21	193	56	213	111	178	216	187	81	34	25	16	183	127	245	139	248	234	64	129	141	200	228	125	87	197	243	17	67	200	237	221	45	230	92	150	198	95	221	199	67	99	129	253	106	151	98	28	83	116	13	172	45	165	214	141	190	167	136
167	136	10	80	25	84	149	180	178	66	232	214	186	217	252	14	17	118	96	235	151	232	80	27	148	172	89	198	193	100	203	18	76	93	39	65	19	115	45	227	99	133	53	58	63	161	121	140	5	21	47	159	101	228	78	239	36	61	85	143	184	112	85	154	55	96	58	191	197	243	43	177	79	107	230	50	61	27	178	193	140	150	90	147	94	78	39	229	161	105	133	202	86	69	219	255	241	153	242	118
73	4	180	233	21	116	38	216	229	212	69	73	39	36	207	51	243	233	212	74	190	91	162	190	16	99	249	51	232	145	152	179	172	162	40	98	156	48	188	225	200	212	85	210	42	137	215	231	152	123	45	73	23	202	102	123	240	179	181	102	12	144	156	201	113	192	115	159	27	5	129	182	199	150	105	60	4	222	37	190	208	41	200	68	216	90	184	51	129	24	23	223	132	196	240	72	144	153	74	204
216	10	130	37	5	75	199	11	97	46	5	154	132	34	138	207	200	182	45	202	205	26	96	228	148	161	18	207	178	251	228	105	89	179	105	81	165	220	196	210	227	33	236	71	252	251	57	55	221	126	178	172	3	21	72	26	101	190	164	236	25	86	209	234	131	97	216	70	98	148	98	81	38	232	49	125	36	20	224	174	95	123	115	55	150	83	17	238	203	76	180	134	19	48	100	76	127	57	135	187
87	151	96	80	251	165	229	5	50	104	213	156	14	163	60	205	247	131	227	10	26	140	111	153	71	191	236	48	100	165	106	164	240	97	239	181	63	108	242	135	201	234	188	162	39	41	37	23	253	232	52	228	34	175	227	6	218	46	91	55	62	144	192	110	101	86	5	198	111	245	89	222	108	213	18	150	67	46	211	64	73	15	76	16	223	76	83	235	4	53	246	143	5	253	20	80	96	69	6	200
70	45	236	15	181	241	61	206	45	81	125	246	52	244	253	125	165	72	179	112	39	29	252	54	42	200	102	190	168	82	155	150	153	33	110	219	36	161	246	4	46	49	55	228	57	251	116	197	63	91	241	164	44	186	33	166	187	84	160	45	71	165	75	235	207	145	64	108	69	98	148	94	206	42	208	45	97	113	118	163	193	162	212	143	219	30	0	74	199	53	129	68	116	3	197	252	91	26	211	114
137	67	73	207	252	161	241	80	243	220	3	93	92	86	82	54	80	248	54	236	229	170	5	35	233	154	224	110	58	148	203	203	209	35	147	192	147	163	254	33	134	167	216	152	241	128	223	165	90	63	227	232	137	78	108	218	118	46	116	32	22	255	80	186	140	39	25	17	160	101	8	201	85	165	42	215	111	180	171	104	21	106	146	202	197	208	187	119	200	191	8	140	95	108	90	66	1	69	214	134
88	87	189	113	163	237	108	93	120	254	57	182	177	131	159	193	115	31	57	49	250	230	124	16	178	214	134	157	4	82	126	70	45	120	6	27	116	183	81	104	9	149	34	85	146	218	180	132	131	33	141	96	89	23	168	113	79	9	208	128	3	22	189	75	188	172	246	159	138	66	11	234	35	218	81	69	205	85	129	174	154	205	9	57	134	108	201	48	82	221	221	229	232	197	212	146	71	251	207	100
173	8	157	51	135	200	72	6	232	96	239	63	159	187	114	254	3	246	121	182	50	170	112	104	219	95	251	129	141	49	78	214	196	242	171	246	138	100	24	77	116	193	248	126	106	53	144	204	61	61	66	81	172	27	20	133	196	220	95	12	237	77	204	40	148	129	158	17	229	170	120	157	124	85	239	37	241	63	71	180	60	12	175	89	86	203	164	238	130	117	243	153	114	105	28	83	6	198	253	89
130	150	28	18	215	194	228	76	111	195	209	252	40	247	89	57	98	80	1	69	7	49	254	50	13	61	41	94	218	107	19	246	6	118	21	95	198	236	207	72	95	222	28	90	20	124	221	69	64	91	12	249	91	149	8	115	253	190	119	1	234	157	23	180	55	196	140	63	114	158	3	255	251	36	25	81	88	56	71	245	203	142	117	166	184	35	119	163	130	219	87	12	224	60	61	23	8	187	160	107
100	221	193	26	33	68	195	2	59	56	246	158	148	100	10	29	52	122	14	4	38	125	159	78	117	168	20	36	94	58	132	48	227	125	180	111	126	72	43	143	74	84	9	116	19	154	112	244	147	221	132	29	152	129	191	192	59	241	87	113	74	241	162	48	205	120	153	128	48	154	183	127	96	235	27	3	66	87	48	116	252	70	59	43	60	134	156	194	207	87	248	113	52	3	84	58	14	92	5	76
229	91	202	174	179	7	208	251	173	168	183	29	146	30	213	202	77	61	254	112	222	138	239	18	193	127	220	126	234	95	216	127	188	104	187	134	0	238	165	201	29	45	94	109	41	203	227	109	190	103	230	31	28	31	153	48	123	18	119	16	137	244	34	113	20	192	74	101	218	218	45	161	150	8	127	186	209	46	40	230	215	129	204	113	36	239	20	86	236	205	147	43	171	217	31	68	188	57	51	66
111	51	98	90	121	41	250	191	215	123	49	78	8	111	48	57	203	200	168	39	86	29	25	237	60	17	186	54	70	114	153	188	246	56	105	57	116	178	101	76	155	155	151	105	164	114	43	179	235	224	217	111	12	201	197	10	182	253	89	107	90	237	198	185	81	104	130	191	78	239	37	25	116	195	209	184	176	134	222	97	161	13	235	220	23	146	45	62	111	229	57	246	38	47	143	99	190	188	89	84
97	246	246	41	149	174	211	76	154	11	168	37	199	152	231	84	244	231	26	159	56	173	71	124	112	118	89	52	54	177	160	103	22	113	228	95	61	94	55	180	236	160	249	43	140	155	79	3	79	142	28	250	105	237	168	85	68	125	121	217	70	40	26	141	208	77	124	173	8	210	88	68	41	180	26	11	168	33	145	104	134	86	89	139	65	152	50	138	157	1	107	247	133	35	44	45	103	167	190	168
222	156	105	136	192	224	11	63	168	177	151	183	162	226	45	7	237	164	39	225	126	54	126	184	41	9	189	160	89	178	65	201	240	98	171	153	145	118	234	18	60	152	113	147	249	247	13	153	147	8	196	238	135	50	242	18	21	86	60	47	208	238	11	90	157	133	74	119	106	223	203	18	185	232	119	206	83	80	89	23	196	17	1	74	1	144	166	129	149	88	238	127	193	216	64	87	254	87	59	245
148	121	217	72	104	189	47	165	196	186	135	200	36	255	142	196	38	44	254	39	80	98	189	35	0	71	201	164	57	232	250	209	57	18	173	242	250	34	17	21	199	118	212	99	240	151	95	153	182	233	192	82	117	56	248	117	103	5	112	137	24	68	43	175	49	229	26	55	29	168	239	212	166	111	175	156	47	218	109	92	101	187	243	67	240	227	12	221	85	197	243	143	233	193	83	252	66	173	166	173
86	209	2	219	165	15	142	96	62	210	186	70	248	78	113	130	188	169	60	34	10	90	209	106	219	25	96	132	140	153	84	232	56	79	190	169	247	214	139	102	165	115	108	44	168	206	117	130	252	112	125	50	224	177	72	119	166	167	225	159	59	13	42	220	63	4	74	17	125	130	138	16	177	158	32	82	127	67	196	101	13	105	40	175	249	102	29	99	72	109	65	163	240	134	200	144	174	6	80	203
101	63	24	194	128	245	251	99	222	11	225	74	186	247	22	21	157	232	185	34	114	246	24	115	133	106	245	21	234	49	28	99	29	103	169	136	164	240	233	203	153	19	101	3	53	222	116	245	139	216	49	112	181	224	40	172	213	70	215	57	158	62	51	53	155	218	34	77	182	45	21	40	214	184	215	252	123	243	253	17	66	20	183	18	112	53	248	58	250	218	127	45	1	243	154	96	128	13	174	178
218	103	98	26	31	13	197	215	8	127	71	75	74	162	217	133	215	131	65	4	206	53	52	115	82	238	95	124	68	108	31	121	126	61	223	223	21	113	125	46	14	157	249	9	174	9	252	247	6	174	228	44	117	178	240	26	245	97	100	173	124	35	253	87	167	216	105	238	180	131	90	14	51	213	94	26	5	86	205	27	128	198	242	219	6	223	193	109	176	36	118	159	79	100	166	230	184	178	250	73
80	13	56	20	14	26	206	138	121	117	98	119	101	137	116	194	253	151	246	51	21	59	211	209	23	134	169	112	170	172	78	149	173	143	244	22	17	45	168	4	173	234	21	154	3	76	182	19	65	115	28	237	217	147	145	237	161	81	117	134	6	53	19	4	125	165	48	193	164	81	74	15	160	208	36	89	110	169	236	43	97	51	101	10	218	169	163	209	105	97	140	8	244	235	157	251	74	194	6	153
48	134	74	142	146	86	17	145	218	230	172	118	21	58	139	168	205	163	70	65	213	213	92	7	148	252	41	111	242	233	96	234	79	246	245	36	121	212	243	164	234	54	130	37	73	122	67	167	61	44	10	56	120	84	23	127	78	191	243	224	136	95	128	41	246	65	136	151	77	45	90	76	51	66	23	191	176	222	134	53	118	126	38	199	142	3	4	247	143	18	11	105	249	168	208	142	149	63	77	241
68	58	245	109	11	7	220	57	223	121	230	30	72	229	133	5	44	229	177	84	7	157	251	190	104	190	252	105	154	215	165	57	86	19	245	106	128	122	99	225	7	188	154	112	17	192	41	216	60	237	242	15	41	201	62	50	182	163	252	50	213	187	184	59	249	216	147	95	142	222	42	106	214	83	22	64	234	129	234	173	68	173	203	202	228	225	248	165	30	242	206	173	27	22	20	35	169	249	138	67
191	231	226	110	191	66	2	235	59	192	243	32	1	226	96	117	122	230	231	165	85	85	159	47	140	234	63	134	136	141	158	34	171	162	46	251	66	48	241	144	189	52	5	133	249	215	105	148	89	31	98	34	223	247	229	3	107	116	18	191	83	236	215	120	122	143	131	242	62	36	41	10	171	109	26	221	174	232	183	95	194	53	142	188	79	93	100	141	211	113	165	58	216	9	77	231	29	40	156	160
206	194	161	206	222	165	38	59	243	204	42	213	67	55	246	111	129	126	28	152	164	78	23	231	95	126	217	125	115	71	65	212	2	17	54	250	71	4	228	21	91	17	1	102	23	165	245	140	81	65	1	164	248	160	0	134	192	209	156	0	204	172	158	166	172	105	254	86	172	129	122	183	28	142	193	249	70	21	107	27	230	62	6	252	25	222	124	198	128	152	107	68	180	135	16	249	80	18	143	234
214	56	139	105	179	61	127	89	172	180	58	200	16	205	181	90	133	91	159	55	59	35	99	188	8	3	204	108	90	140	24	231	32	150	61	170	9	34	13	118	180	127	221	37	49	167	29	197	79	228	136	254	86	133	249	194	128	93	136	101	230	115	80	187	69	110	244	31	156	29	252	181	136	93	23	108	125	227	229	101	172	27	139	6	211	239	144	58	8	3	98	113	48	37	6	104	6	104	231	231
136	5	26	231	207	248	199	227	64	75	153	76	177	128	235	193	236	107	160	200	28	154	193	36	224	53	146	189	189	74	101	53	3	198	102	255	103	35	44	148	154	49	211	143	173	193	88	189	69	37	143	151	87	77	202	130	228	78	35	204	148	66	121	252	136	98	182	79	184	105	130	185	15	4	145	148	38	54	85	117	191	149	154	31	109	228	133	76	109	171	224	59	230	228	12	34	109	78	139	188
1	6	59	40	215	161	154	50	33	2	154	239	189	91	174	145	76	145	175	24	169	104	191	90	91	27	169	242	178	17	168	171	98	207	180	115	57	220	16	113	207	3	88	237	201	25	22	50	192	131	225	14	41	110	95	60	145	101	141	63	79	154	249	170	139	2	65	17	165	110	124	242	74	123	244	169	198	43	220	29	108	139	24	209	214	132	45	207	148	126	119	116	186	199	190	252	85	241	249	19
50	33	61	17	80	112	97	149	61	74	115	29	117	50	65	212	244	113	79	28	202	122	225	206	53	35	161	128	53	204	27	163	255	48	80	19	206	103	174	52	131	55	168	33	44	34	7	13	121	113	156	57	154	146	221	105	118	243	91	230	207	241	73	35	87	197	87	89	186	134	254	38	255	14	232	113	79	135	219	135	191	251	193	239	132	60	185	172	210	98	154	200	235	97	35	116	245	56	173	220
243	236	150	53	202	193	254	192	196	14	201	132	77	145	76	224	152	50	71	28	132	67	65	60	15	0	58	161	202	83	134	182	139	95	204	51	203	90	174	146	44	230	17	106	183	160	55	81	149	239	110	192	195	200	237	252	195	125	125	130	255	11	91	234	110	193	157	73	247	154	203	5	66	213	238	186	212	48	139	29	63	120	178	18	27	20	9	207	141	61	204	221	237	189	226	64	66	161	38	195
209	220	35	107	45	91	63	72	117	9	194	118	157	126	139	241	156	50	104	96	156	67	81	32	11	6	75	76	116	140	95	185	44	151	6	35	63	97	137	118	28	31	124	135	51	239	203	211	137	36	49	123	44	160	239	10	41	61	182	2	164	126	176	117	116	7	237	84	114	42	161	32	129	29	224	162	16	153	59	242	182	140	215	140	208	4	33	219	10	210	50	44	166	43	221	63	72	211	97	216
154	208	31	81	123	70	70	86	184	159	20	82	21	13	150	160	147	133	150	70	234	19	17	55	254	96	89	122	120	206	52	34	139	63	53	221	136	145	36	209	153	157	205	54	124	56	253	60	43	2	171	49	19	95	11	142	138	146	149	179	173	99	203	198	12	208	96	13	98	40	59	39	62	50	195	151	180	246	116	1	111	197	63	52	120	222	12	59	191	209	220	6	49	85	24	69	102	122	174	39
57	118	220	82	195	70	150	156	146	26	203	156	7	141	169	181	130	215	183	173	248	57	21	151	123	53	11	187	20	143	100	160	200	205	79	168	42	220	61	228	218	144	8	15	17	49	153	119	208	46	103	67	98	228	1	123	45	26	1	231	251	124	150	55	242	6	74	67	202	55	57	143	49	77	235	46	166	152	30	193	219	36	76	3	239	250	32	174	41	61	72	226	176	183	245	7	173	212	138	255
153	106	131	110	94	122	25	13	158	243	191	205	73	0	150	88	31	202	61	126	82	173	162	198	253	122	52	144	214	241	29	32	89	221	103	101	195	183	219	131	77	230	74	244	252	123	110	78	197	159	168	168	246	218	141	203	141	130	215	41	117	236	0	17	166	129	204	117	104	26	213	101	206	10	225	217	102	60	59	53	191	74	6	134	121	26	44	48	70	37	75	119	95	88	242	149	36	122	247	156
221	146	182	180	99	91	70	69	18	138	160	0	158	173	177	10	237	108	116	115	137	47	200	155	183	14	174	206	216	146	81	5	206	175	101	245	63	133	17	136	180	6	144	10	57	216	58	223	163	203	36	25	92	235	22	173	180	247	131	201	117	165	3	106	34	12	43	73	114	247	195	108	44	206	252	125	98	101	251	192	48	149	11	31	103	91	195	30	230	215	81	102	114	111	56	204	241	53	89	239
178	43	159	44	15	246	60	27	175	233	194	247	205	76	153	173	48	56	113	134	169	54	55	227	115	169	90	66	24	68	57	212	142	76	154	25	137	95	86	13	93	95	63	134	101	234	49	231	44	46	109	121	170	19	154	243	93	57	70	164	55	26	8	123	144	231	138	61	222	163	66	242	90	54	118	81	108	68	61	168	57	249	101	198	64	202	144	81	81	103	197	34	114	155	117	134	126	194	170	82
43	107	19	241	112	235	116	108	234	88	251	18	70	215	248	97	82	18	180	156	41	144	38	113	41	137	36	179	127	155	141	246	20	20	32	72	37	51	233	232	184	143	56	55	70	94	130	44	44	155	8	50	124	223	34	229	20	223	64	250	208	232	1	121	209	195	195	215	148	125	45	178	110	115	149	41	234	46	118	141	32	17	62	166	148	107	212	38	249	89	81	130	87	188	133	26	183	234	83	196
200	110	247	198	164	155	87	18	11	180	25	32	189	96	58	122	100	130	223	223	43	227	39	80	177	102	91	148	194	130	17	119	229	219	81	24	200	63	78	29	146	2	106	221	147	172	174	13	162	122	197	10	162	130	155	74	141	75	194	38	114	104	95	118	219	113	252	33	94	98	158	197	212	15	53	185	128	49	113	123	103	133	153	209	248	82	95	228	236	203	201	25	36	155	242	91	248	140	25	47
83	204	117	193	117	99	36	52	48	38	253	104	96	120	118	122	37	7	106	8	68	164	141	187	45	148	202	79	112	222	74	236	155	69	179	23	64	30	87	15	217	58	152	144	74	239	211	230	21	163	18	133	96	150	60	175	208	174	27	123	188	97	28	12	53	245	39	59	87	123	119	82	197	97	6	173	57	10	202	233	157	246	119	176	111	235	237	89	138	47	19	234	68	88	77	18	231	168	39	210
65	105	149	178	58	192	29	254	22	166	90	50	223	130	164	234	27	194	181	203	19	6	12	148	167	221	124	35	103	158	222	129	164	229	209	132	99	240	152	253	225	46	135	48	17	33	55	5	41	252	158	143	28	105	83	136	211	255	97	137	25	78	33	119	15	123	242	16	252	176	203	191	92	66	202	173	94	184	172	13	23	67	17	50	142	140	222	51	1	127	189	77	21	17	153	96	248	182	218	54
220	193	173	107	191	157	72	145	200	30	31	245	78	169	116	110	124	113	11	173	53	224	6	149	252	235	56	177	144	3	172	49	72	126	100	204	249	170	97	244	254	183	128	237	252	131	129	71	200	201	61	14	133	52	153	248	247	188	98	104	235	32	127	67	250	22	29	48	36	76	193	131	238	3	97	0	72	89	64	227	46	183	122	62	179	29	109	243	123	113	12	129	134	238	149	216	219	204	44	173
95	124	79	193	140	16	10	151	173	246	24	31	24	3	160	60	71	151	249	69	77	1	40	174	3	125	151	200	180	33	127	90	143	1	191	134	48	237	157	57	77	194	84	106	6	158	153	37	254	209	236	246	230	223	226	193	147	154	162	97	86	69	157	227	190	70	114	84	97	197	151	127	163	133	61	8	167	123	235	36	211	107	21	12	181	80	168	105	232	176	240	169	153	6	243	83	235	141	105	221
96	73	179	190	23	75	169	57	180	147	118	46	130	239	20	109	107	254	237	200	162	233	47	252	220	78	184	37	0	45	64	140	26	162	242	225	39	227	151	87	155	167	140	192	104	244	17	231	41	221	64	26	68	99	237	233	254	179	156	253	153	118	170	244	152	208	241	196	158	252	177	224	126	167	33	44	47	121	147	119	161	213	109	191	10	78	15	123	87	170	117	74	191	168	213	210	185	155	73	32
96	155	193	205	142	29	161	144	38	150	25	129	153	30	197	51	247	132	227	65	111	198	44	82	220	84	250	251	234	58	222	73	87	19	139	138	160	70	68	167	93	67	36	201	222	106	205	194	154	66	78	126	39	244	192	143	55	50	244	106	28	14	112	68	3	146	191	102	106	237	83	245	249	169	153	152	186	111	91	235	25	157	69	226	90	123	85	201	232	27	27	144	210	219	181	201	89	146	87	178
91	185	45	30	241	126	7	164	101	51	105	88	62	182	252	202	172	103	68	232	179	23	65	242	37	167	52	238	23	99	252	151	191	5	136	191	74	113	211	184	80	120	157	55	223	237	185	185	131	153	57	249	175	130	56	127	246	181	124	101	38	180	200	26	36	7	232	94	236	139	139	107	209	83	81	45	46	169	72	114	230	114	92	160	243	4	141	247	83	129	65	160	149	1	92	109	125	68	13	234
98	191	118	230	229	40	17	46	125	124	74	154	178	251	152	133	172	151	152	174	178	246	217	132	13	101	232	69	244	152	36	185	95	155	139	23	4	166	189	116	76	226	106	82	100	43	177	184	1	194	128	128	245	199	75	32	179	118	51	74	247	35	197	144	128	140	194	88	138	24	101	191	238	15	205	116	14	217	34	169	206	30	131	27	229	73	75	125	19	188	194	12	56	106	33	201	197	12	43	176
113	142	253	213	166	160	92	46	9	80	201	206	124	26	22	234	156	50	248	162	116	157	237	28	92	28	219	43	81	186	98	95	248	18	104	184	39	141	147	171	32	25	30	181	53	27	229	121	98	117	104	43	241	59	209	78	94	121	28	217	157	95	247	196	45	159	174	89	15	105	8	133	177	224	15	153	141	115	79	57	151	107	132	41	94	225	181	190	241	81	78	66	159	173	177	234	168	186	32	186
127	190	82	84	120	154	108	73	73	41	29	181	59	89	74	220	155	90	126	69	20	62	101	246	148	236	122	214	237	27	152	16	172	59	168	69	143	198	165	165	139	221	87	63	202	225	22	137	98	238	67	72	211	47	228	104	128	38	124	152	137	237	144	204	6	249	228	240	194	221	224	109	140	190	10	137	218	192	82	234	142	144	213	106	235	19	63	101	49	231	80	231	102	81	224	155	166	6	93	73
15	98	72	185	66	126	38	242	106	25	27	58	43	102	60	105	40	63	167	67	11	78	141	33	8	83	31	130	143	126	166	125	154	206	84	229	35	131	45	39	14	107	223	133	190	147	132	239	198	143	98	113	40	36	58	198	143	169	148	57	98	10	229	169	6	57	200	23	54	231	24	238	232	165	136	106	206	152	46	245	14	81	81	57	102	59	90	226	8	90	27	100	119	41	247	32	147	115	217	190
229	235	13	28	74	121	73	178	6	254	200	163	33	132	212	173	231	195	243	226	39	50	20	4	169	221	100	19	107	104	38	213	230	170	193	162	239	6	33	95	97	255	98	201	206	156	77	94	10	189	159	2	136	109	161	66	131	16	19	85	40	77	202	52	93	188	52	59	167	246	119	169	177	95	255	113	214	134	35	164	245	104	29	120	85	123	214	232	147	204	76	167	155	65	130	39	32	117	159	118
136	115	207	86	58	132	246	89	235	239	88	65	203	71	118	36	82	37	183	134	28	245	174	78	169	136	59	49	149	255	92	168	169	13	158	241	245	252	148	117	128	203	127	41	95	79	241	59	251	28	111	46	162	227	111	91	121	78	167	190	220	35	235	102	59	5	24	151	102	135	84	27	52	16	99	105	189	41	45	172	70	206	10	73	218	31	126	122	67	70	140	59	45	168	113	224	220	139	121	166
131	118	115	16	237	151	195	194	94	55	192	49	191	25	119	36	168	172	12	99	22	61	143	76	119	30	15	60	17	226	56	186	15	19	15	69	131	101	186	0	168	198	83	129	162	145	73	35	193	65	62	70	84	241	208	223	161	83	141	114	159	194	23	100	3	184	27	102	179	103	193	64	6	86	31	126	38	83	202	244	229	102	67	33	20	22	182	246	75	244	126	104	124	221	201	169	19	191	134	180
251	63	108	238	94	250	121	142	20	234	248	148	128	84	178	27	66	75	105	202	47	128	136	58	18	186	104	26	148	73	30	77	240	67	120	199	174	109	84	122	16	18	64	170	111	93	33	105	110	34	43	190	84	97	34	169	40	14	21	71	14	5	53	136	129	90	67	221	52	36	176	132	67	94	206	94	34	154	111	134	49	146	141	228	108	225	12	97	75	201	126	46	234	100	73	93	232	49	44	199
128	231	25	22	165	108	110	162	115	199	100	57	65	180	33	110	150	5	187	69	83	109	173	29	71	81	188	248	214	198	58	82	192	50	85	242	11	120	113	9	186	157	134	98	7	130	62	1	101	69	173	227	29	129	173	56	186	248	253	140	240	71	107	164	45	105	62	99	206	162	62	104	97	216	97	100	28	187	56	112	125	182	46	187	139	235	60	183	65	149	125	247	23	246	20	60	125	91	52	11
70	9	216	178	0	101	68	107	40	150	106	124	2	82	129	157	222	125	69	13	229	207	17	75	130	52	245	161	159	29	139	225	25	189	234	124	116	155	244	121	139	74	224	60	100	18	207	186	104	51	67	248	61	203	4	186	18	164	249	106	174	67	45	3	53	77	218	34	206	19	106	220	204	108	242	102	142	219	197	173	153	245	203	43	91	250	220	42	29	19	216	12	202	76	225	33	221	142	152	34
134	151	118	6	182	173	27	199	141	126	37	144	140	151	193	176	169	171	120	155	250	210	73	47	196	212	103	52	200	240	1	19	10	18	7	44	236	3	21	79	56	176	227	130	110	128	190	153	26	104	254	142	193	182	130	156	14	240	71	221	153	187	197	89	27	5	120	243	12	3	168	62	132	19	15	55	36	205	148	97	36	46	114	66	89	198	189	119	80	20	31	25	118	46	175	94	116	5	141	85
78	134	140	230	65	235	231	135	207	240	252	112	241	193	48	104	176	144	43	206	2	0	69	64	194	210	151	179	210	26	255	111	174	244	227	225	71	218	182	187	29	152	239	22	71	164	129	147	80	28	230	163	45	69	182	41	133	3	81	88	98	22	95	60	227	196	108	248	121	65	165	166	113	222	222	200	41	158	58	240	177	13	203	176	255	58	12	40	211	198	187	209	237	15	56	86	196	79	109	52
45	69	168	68	197	35	47	44	150	90	215	144	57	255	179	122	80	41	167	169	239	78	55	1	213	122	195	157	250	45	37	148	174	102	183	98	242	37	154	107	186	180	226	165	194	107	239	211	146	162	118	129	116	214	146	12	243	91	208	120	207	143	175	69	197	208	142	7	191	145	119	163	5	215	241	178	119	7	246	127	139	5	87	134	218	87	229	96	32	119	119	176	103	6	8	16	76	87	30	230
29	239	188	201	149	72	27	26	199	136	128	254	212	53	198	75	241	204	244	37	227	219	91	37	203	199	103	47	169	152	68	53	26	43	49	253	139	167	77	136	22	161	220	129	223	200	200	34	172	218	128	234	253	241	234	143	24	234	126	50	121	185	94	130	87	81	11	200	251	161	215	197	27	16	119	63	72	197	45	56	19	33	122	59	165	50	143	121	42	67	119	169	156	67	19	132	151	220	57	65
231	243	35	157	218	15	54	164	215	129	246	26	69	43	219	80	189	92	31	183	97	198	199	129	202	60	223	135	240	138	77	25	112	158	127	114	80	60	129	90	40	43	78	18	94	99	44	79	23	149	172	89	168	38	224	195	166	123	239	186	229	24	244	44	116	86	53	175	102	21	156	23	250	14	222	58	106	40	202	73	24	229	53	83	237	254	177	104	196	179	106	81	40	137	156	117	234	215	141	9
65	234	125	150	36	78	205	93	121	97	231	141	247	237	68	7	69	19	102	183	166	209	62	240	199	129	99	163	87	251	20	109	224	180	246	185	39	118	176	108	140	141	236	168	24	223	107	165	74	39	102	55	114	183	224	196	122	47	53	223	131	239	18	220	58	111	239	67	121	124	75	160	241	178	180	41	49	229	165	135	202	123	200	163	13	134	187	178	149	219	12	248	223	14	97	137	187	152	101	222
236	102	35	171	63	160	68	102	105	184	252	56	14	67	223	70	170	33	229	68	212	98	126	14	137	68	124	237	134	187	52	4	215	243	145	79	1	1	134	163	222	160	186	151	61	57	112	208	154	19	97	235	234	84	50	103	236	216	98	25	35	76	230	124	143	216	157	108	130	102	105	42	197	135	40	171	124	10	210	88	17	120	122	133	30	124	114	157	220	19	126	119	7	203	111	214	152	175	116	111
163	156	118	65	5	10	255	103	109	162	173	44	204	203	141	243	59	202	47	249	150	247	85	12	227	138	141	178	142	69	236	220	98	57	185	243	120	241	115	35	174	99	238	129	114	152	157	172	93	164	98	180	124	136	63	243	236	192	231	247	191	11	113	80	153	52	67	238	177	167	212	47	62	42	85	217	12	79	234	111	234	190	85	166	197	83	200	77	88	4	199	75	252	14	253	220	80	86	231	6
117	184	166	175	204	148	45	216	227	91	48	69	28	80	94	216	97	120	213	200	104	150	203	113	14	63	206	36	172	29	29	44	217	200	65	79	75	192	39	205	144	17	72	78	184	77	190	43	218	187	136	143	231	44	181	182	17	157	95	66	128	192	66	220	216	181	217	60	4	82	16	230	53	73	252	82	244	184	171	158	123	163	50	116	241	84	148	126	254	209	172	177	221	247	40	38	233	110	86	100
203	215	193	205	69	41	50	239	52	160	118	154	252	240	17	228	189	172	48	87	22	219	136	238	250	89	20	75	67	215	166	34	52	172	3	7	225	116	31	23	236	6	3	6	68	206	166	239	135	34	9	112	47	89	26	10	64	201	214	19	7	35	132	243	150	131	121	231	251	160	36	247	99	3	153	51	166	126	243	57	60	75	21	190	187	32	142	118	226	24	244	169	108	71	4	114	79	59	184	179
106	255	193	90	174	142	100	25	171	205	65	30	54	249	209	48	206	59	187	52	206	72	31	117	187	10	128	184	210	92	226	40	40	168	0	215	103	223	18	73	16	54	150	184	113	183	15	108	184	4	128	27	191	245	44	213	202	86	80	156	26	9	230	65	237	197	28	176	15	113	219	242	253	91	80	16	78	64	140	213	203	166	68	184	82	138	181	102	113	222	206	245	52	181	56	139	101	150	255	191
79	202	67	20	231	152	164	21	1	150	104	181	149	220	199	150	207	122	216	252	149	40	84	233	245	178	112	167	2	10	11	86	94	227	120	207	115	128	193	108	117	244	117	97	220	250	59	11	66	210	247	72	202	116	136	48	119	213	167	91	102	36	210	245	202	23	72	182	93	218	248	182	55	96	235	195	214	101	75	229	218	97	129	157	93	139	150	142	127	221	229	161	238	41	138	196	198	74	49	109
125	152	22	172	153	32	197	151	37	38	252	37	160	181	156	98	92	0	175	180	149	19	224	222	6	146	230	12	236	209	199	119	239	47	162	69	29	34	207	224	73	37	15	66	86	169	99	227	4	34	131	208	64	109	244	69	98	100	241	118	205	249	105	193	144	223	150	159	82	36	103	124	90	151	203	86	144	5	232	180	138	63	128	103	77	4	45	6	51	87	137	178	220	252	73	0	51	155	92	28
7	160	191	6	53	151	68	126	66	251	140	196	193	188	182	124	79	176	209	42	25	48	147	121	127	180	255	2	156	107	244	76	35	118	80	90	241	254	183	205	243	28	69	22	120	214	171	95	1	218	217	80	146	9	30	218	112	25	104	219	142	55	35	68	101	15	123	116	50	22	87	140	252	227	7	178	183	11	226	44	50	214	32	192	250	88	208	58	60	246	26	243	197	19	177	113	185	145	90	210
141	112	245	46	155	119	108	213	24	152	96	209	5	105	40	97	175	31	239	239	116	227	154	80	223	37	181	236	52	30	136	6	112	91	208	21	127	89	212	83	161	36	107	242	252	84	30	60	117	236	88	87	142	179	26	230	135	0	111	31	126	26	204	84	28	178	166	30	83	237	43	8	6	76	255	11	109	123	28	139	40	245	113	242	139	61	238	71	47	197	161	83	161	61	210	115	205	228	139	247
157	30	183	26	163	226	174	87	78	212	154	78	100	39	33	80	60	182	69	30	183	21	64	68	138	31	56	225	202	211	82	31	158	5	140	210	118	69	100	181	241	71	110	175	79	132	112	78	218	202	241	21	24	194	107	245	211	178	1	190	56	160	220	9	60	147	190	19	154	125	142	26	182	148	0	31	99	17	166	58	156	69	44	42	75	79	203	217	75	250	142	138	254	213	239	74	172	250	249	96
240	250	224	176	207	186	219	10	189	184	72	199	205	40	101	74	61	36	184	186	134	252	182	116	247	33	254	152	247	93	84	169	171	117	68	149	250	108	128	98	54	155	188	96	106	163	151	171	2	6	110	24	248	227	211	106	29	91	201	72	59	171	184	43	41	245	51	10	236	0	166	5	101	191	123	161	37	163	71	134	222	171	53	107	114	6	81	130	182	234	101	255	106	162	132	107	86	143	156	129
74	138	58	192	65	170	215	222	126	17	37	13	98	168	169	125	21	117	255	78	220	200	239	146	233	96	122	57	61	21	82	69	154	12	7	77	189	36	71	72	149	35	150	104	60	134	45	93	229	221	132	60	214	200	122	243	130	162	151	215	215	75	1	21	227	197	9	222	211	129	144	107	238	142	82	34	223	230	52	132	171	5	79	184	156	203	54	42	205	229	47	99	89	169	168	144	35	252	79	192
106	230	11	254	150	171	68	184	217	206	47	226	70	160	236	39	78	114	128	51	45	69	188	67	72	125	92	237	193	20	4	36	48	9	234	56	131	171	27	86	32	151	111	90	39	249	108	248	211	252	14	22	32	104	0	165	165	217	77	68	247	22	24	60	194	57	111	184	192	1	146	54	134	68	143	23	229	202	189	168	17	226	77	54	67	108	215	39	155	17	229	156	217	236	203	120	142	222	244	203
110	50	229	255	212	48	125	151	142	136	193	245	109	213	46	50	242	196	197	249	91	98	7	144	74	6	33	197	131	80	65	196	142	250	0	6	84	3	100	192	227	218	83	23	9	196	207	171	171	192	246	46	254	94	33	13	63	163	153	37	113	223	198	96	40	151	70	218	70	131	40	225	162	135	225	243	173	197	183	151	150	159	89	222	114	91	139	218	203	196	111	179	229	60	30	195	82	186	204	134
132	129	131	147	85	92	180	137	29	83	245	15	92	237	38	57	167	109	60	53	141	254	161	55	75	234	113	78	194	211	13	2	46	231	133	113	29	50	20	67	45	225	80	221	201	36	218	229	78	213	29	163	66	86	141	171	86	217	94	80	4	168	241	38	205	67	149	113	11	67	46	142	107	190	225	249	22	155	94	116	28	75	7	94	15	137	79	199	192	123	74	166	77	216	205	101	36	110	49	247
211	68	33	32	231	206	242	254	153	28	119	97	247	177	21	59	125	238	118	82	147	10	72	69	121	139	161	216	120	82	12	55	49	105	194	217	116	122	69	155	187	56	108	254	53	102	47	221	99	43	132	179	234	21	166	52	231	145	7	89	41	91	115	37	97	125	219	213	57	231	147	114	207	87	128	86	159	134	5	196	80	200	75	162	28	90	226	119	122	77	39	186	28	238	140	146	178	15	40	246
74	248	71	174	23	143	20	140	193	183	50	47	14	24	148	15	161	110	53	63	152	69	80	42	15	112	171	188	159	64	253	238	85	85	114	34	149	74	186	180	120	145	246	56	16	124	46	17	1	6	115	114	135	245	118	72	236	62	206	73	75	102	74	127	20	191	62	116	190	172	146	110	8	99	204	212	156	49	178	71	58	149	181	56	137	218	106	63	188	44	121	220	38	189	173	111	183	38	111	90
32	33	113	10	53	252	223	47	197	50	3	171	25	32	51	58	19	46	187	226	131	24	129	83	230	127	69	242	14	176	250	107	145	204	157	133	159	125	183	204	26	163	101	137	6	38	122	211	186	164	14	64	82	32	86	132	117	67	184	191	101	61	16	184	190	155	123	0	107	57	188	132	149	224	238	211	90	191	132	136	157	75	137	135	21	160	255	83	29	156	197	85	167	76	190	56	226	190	53	18
206	22	9	254	90	40	19	77	110	166	102	3	89	112	4	7	22	80	7	17	2	216	65	147	76	246	192	248	67	21	130	204	252	160	163	241	131	79	218	64	9	206	35	150	5	141	244	190	144	100	150	174	118	184	120	136	210	107	243	76	208	222	227	27	254	11	115	149	70	142	252	115	102	194	38	30	55	61	225	29	46	161	52	74	159	174	50	254	1	214	139	206	119	21	12	14	21	249	50	154
48	107	222	128	1	157	17	104	215	6	180	248	60	51	69	191	248	24	228	160	101	215	213	92	12	245	105	79	216	142	187	105	77	216	23	223	128	212	172	20	202	53	136	38	250	80	65	208	72	60	250	164	140	213	248	158	135	76	241	4	162	254	244	160	43	225	157	91	205	105	197	30	122	22	43	31	81	151	63	90	150	235	190	20	89	167	40	228	157	198	49	60	59	219	139	184	155	204	135	23
96	56	107	127	135	115	4	229	105	5	195	136	215	27	169	171	231	199	13	12	111	113	199	190	221	119	86	95	161	68	107	189	63	38	73	234	76	218	219	94	54	210	195	42	227	162	153	218	242	36	13	26	132	149	2	129	57	109	35	175	225	124	6	34	134	237	11	117	211	197	122	155	175	194	27	214	79	126	60	85	162	114	26	3	63	251	114	36	120	123	155	196	54	54	180	166	81	65	195	102
238	26	49	128	90	125	131	19	75	205	219	176	219	36	53	186	157	22	117	29	140	214	7	203	105	214	25	220	217	227	97	231	143	166	224	46	237	30	226	86	101	161	7	142	148	138	230	40	233	31	225	224	100	50	40	76	205	224	56	226	71	228	89	132	226	80	35	167	222	206	142	186	216	82	30	31	113	205	146	248	89	112	172	146	124	40	55	150	103	2	39	124	190	131	224	5	98	164	38	68
136	18	101	93	192	179	134	149	22	57	30	221	174	46	218	43	86	79	132	96	188	222	152	198	236	87	16	203	155	253	53	116	205	49	255	248	230	15	12	220	148	145	113	110	80	107	120	67	53	82	34	171	45	32	164	187	143	235	233	196	55	191	27	45	226	186	70	238	143	66	186	66	75	222	80	229	42	31	20	15	42	185	10	121	102	153	141	228	116	189	68	200	55	139	195	21	31	243	145	118
218	225	18	142	169	165	224	33	111	111	216	184	100	82	116	56	177	87	26	199	246	0	202	181	131	98	85	62	234	105	223	207	228	152	184	232	226	229	166	46	46	218	126	247	164	217	119	196	29	32	170	230	180	87	156	223	23	195	46	101	249	104	99	113	205	216	168	147	144	159	146	156	70	236	18	121	59	140	110	58	124	185	129	60	178	6	118	184	173	216	209	186	18	205	161	203	109	120	116	152
121	178	57	28	195	35	224	62	240	145	178	200	252	14	232	81	235	124	166	112	3	222	227	86	44	177	10	15	80	110	82	143	66	112	5	25	166	87	214	219	239	108	159	136	251	252	202	154	179	77	6	121	46	235	106	10	146	225	193	38	228	145	75	111	218	218	202	144	222	116	58	150	45	207	188	223	99	208	155	140	58	175	92	189	106	2	222	137	21	66	27	247	98	31	119	139	95	133	201	26
157	88	0	39	182	92	108	123	232	132	206	123	15	214	227	233	112	7	124	145	49	168	91	236	127	119	14	126	180	33	33	9	201	69	210	81	105	243	64	207	74	176	136	166	120	222	103	14	1	14	95	25	88	220	30	113	170	113	170	222	195	81	84	17	80	54	33	182	213	101	161	9	2	19	223	228	197	248	249	203	124	133	62	135	16	13	157	137	122	198	62	216	195	97	153	104	1	223	122	199
230	239	7	101	229	110	95	103	80	204	82	39	6	218	50	8	126	247	109	177	61	194	239	55	128	4	201	146	177	92	36	65	242	238	152	49	86	218	22	36	125	26	128	92	16	131	236	108	233	199	166	32	67	195	40	90	126	152	42	121	128	70	151	3	16	34	223	180	90	48	0	211	148	7	44	169	56	210	186	202	61	177	58	204	254	96	144	198	55	108	213	130	230	95	46	74	107	114	146	238
228	162	202	102	158	180	210	116	121	140	124	84	215	211	16	165	140	178	148	137	213	210	98	131	92	7	26	46	89	70	42	14	120	32	51	243	192	179	7	90	244	42	214	140	96	163	192	179	91	146	64	47	102	135	89	232	134	76	54	200	60	218	82	86	124	201	120	170	125	182	206	132	124	86	149	104	85	4	62	204	176	30	112	214	192	70	146	217	243	199	186	202	1	148	25	187	9	199	186	174
99	151	40	127	104	103	52	128	227	105	112	8	231	53	199	235	185	75	113	236	111	26	220	71	133	174	250	214	99	27	131	168	154	52	233	35	156	187	241	114	234	181	167	68	21	66	140	141	13	16	252	31	231	22	248	17	137	201	108	71	4	58	155	125	82	90	137	16	8	64	233	105	248	90	163	76	157	252	147	116	62	214	35	57	7	12	153	176	251	162	74	63	19	234	145	133	25	174	204	248
219	202	90	141	240	161	8	31	197	114	25	141	140	159	59	255	47	34	239	79	68	27	48	230	247	244	159	27	228	123	172	173	50	81	130	65	204	105	29	119	162	18	141	108	188	69	215	1	138	161	142	209	118	27	47	184	212	38	65	35	238	92	217	14	139	39	57	91	232	208	94	136	90	98	232	220	171	82	101	150	7	44	155	253	238	172	107	151	9	44	164	205	141	187	35	58	95	90	26	253
135	254	225	116	55	220	19	197	234	175	246	251	220	91	25	108	145	59	198	169	182	237	130	32	48	98	193	238	69	146	130	120	157	23	153	35	38	231	157	67	87	113	126	6	0	12	132	12	1	253	142	187	86	240	201	227	141	37	195	45	240	240	155	159	20	140	227	224	40	169	200	217	56	22	24	214	23	162	91	168	213	29	2	154	168	255	108	198	140	86	203	125	235	0	152	34	71	63	82	183
125	249	88	226	238	180	27	219	211	215	229	229	140	164	239	37	104	16	152	237	29	25	9	173	119	149	41	39	192	66	52	165	24	114	112	160	70	97	93	162	239	152	63	84	43	236	102	75	210	160	241	219	35	254	155	146	22	53	70	50	220	21	210	140	70	27	28	226	141	124	130	133	119	173	198	158	25	101	74	68	179	240	181	237	56	63	228	229	57	249	15	101	173	197	213	33	132	53	234	11
220	200	175	111	55	50	204	132	172	5	60	25	192	48	190	221	52	164	55	60	228	104	52	2	145	141	208	12	111	162	150	48	106	155	53	137	139	4	89	62	17	179	36	57	206	143	62	109	230	78	47	12	51	174	0	132	24	173	75	5	25	139	102	96	194	65	130	5	116	151	108	220	11	136	196	46	85	106	60	244	105	184	89	78	255	155	11	14	30	151	85	104	113	216	26	5	170	196	79	143
86	180	51	54	145	251	62	231	35	199	220	128	68	27	89	96	0	25	150	36	185	89	211	165	149	81	85	125	136	100	252	240	101	240	126	220	125	200	52	134	108	96	251	137	37	228	238	84	97	93	58	65	174	117	32	49	30	86	216	73	238	116	217	122	62	125	128	184	10	253	167	205	225	171	106	38	186	66	75	103	236	103	53	152	84	135	239	71	36	9	122	48	107	107	156	120	104	78	124	104
203	221	37	187	173	119	216	211	47	42	180	254	219	181	178	165	77	29	244	195	249	81	32	29	22	136	184	46	118	123	61	131	113	127	99	164	174	199	202	184	26	47	246	150	153	75	7	144	188	6	246	148	56	154	248	156	174	45	68	235	180	144	223	5	234	108	71	251	12	22	253	243	79	93	112	19	255	111	93	55	199	69	26	238	146	121	47	133	185	74	14	239	168	118	237	10	158	216	122	119
