78	174	248	56	93	73	111	132	236	143	27	161	235	7	220	139	50	105	162	184	115	140	38	172	36	243	222	8	23	147	86	170	165	232	109	29	252	91	41	86	251	107	127	223	188	26	239	13	230	197	117	128	120	98	127	253	107	105	78	247	135	190	209	77	131	215	16	106	61	57	57	211	95	188	182	154	143	58	199	19	81	110	170	90	229	241	66	136	129	92	120	145	254	92	133	138	59	41	139	194
131	153	66	37	191	22	193	210	165	207	218	161	228	148	106	210	20	56	199	247	192	229	97	117	107	193	77	109	226	248	94	225	10	157	239	244	53	151	68	131	213	215	77	211	63	181	56	96	162	211	197	242	114	115	170	137	5	228	108	187	160	30	228	32	236	21	87	211	67	152	22	51	103	172	93	196	50	253	241	25	135	20	162	72	75	157	71	124	39	240	97	53	220	238	194	118	122	35	245	162
143	199	212	40	230	165	235	38	118	92	204	121	160	103	171	192	249	12	218	13	123	52	162	23	210	236	80	123	80	50	125	126	248	206	185	156	4	24	184	69	116	69	16	171	199	203	168	241	255	135	37	40	20	121	230	101	186	233	248	219	109	104	23	107	22	74	218	107	233	118	61	231	138	205	57	83	5	3	73	183	49	248	108	136	245	84	157	97	47	177	198	215	94	32	174	137	99	44	98	50
159	23	31	223	218	29	255	253	53	244	187	82	1	248	185	210	53	239	240	57	145	188	91	5	102	176	91	92	186	81	32	182	66	138	100	246	138	181	70	101	253	156	184	242	159	172	58	77	194	25	36	190	168	133	88	229	138	139	147	69	239	66	56	164	55	38	146	206	150	225	112	74	209	42	145	75	102	33	194	184	243	61	93	192	197	198	160	97	237	189	247	106	200	168	132	246	169	190	153	51
133	235	91	123	98	53	135	143	198	186	59	13	61	84	153	78	63	157	230	0	242	78	192	121	142	176	183	23	204	165	82	29	142	184	118	187	208	3	219	60	78	155	199	178	137	84	232	249	239	56	141	85	111	50	56	140	156	160	210	186	205	22	40	5	185	24	111	22	139	102	80	127	76	38	76	59	181	126	163	159	143	105	13	201	75	197	70	211	255	209	180	34	254	176	231	131	147	163	193	164
196	169	253	98	15	192	54	218	168	69	174	4	216	129	10	156	40	199	173	174	205	167	206	83	5	0	41	160	210	227	101	15	36	118	64	179	136	3	82	186	209	64	80	93	7	153	29	180	107	213	190	0	63	136	46	88	90	42	133	69	162	95	76	12	26	103	4	40	244	184	70	157	153	143	97	5	13	56	177	41	124	28	180	232	169	238	158	153	155	207	173	43	172	76	185	181	172	212	246	136
69	195	182	63	177	61	244	0	201	232	6	192	13	31	92	88	24	29	198	76	158	214	58	56	121	202	54	185	229	217	107	87	35	211	78	120	98	55	101	84	28	205	217	135	210	89	108	89	85	202	124	238	164	141	151	236	230	34	178	22	97	104	39	161	242	245	153	159	33	158	57	207	170	253	145	220	105	179	54	205	190	163	113	41	73	158	84	100	250	124	44	59	89	77	113	153	192	231	89	184
48	190	100	229	69	94	171	9	120	172	46	252	67	1	190	16	105	116	231	74	182	134	112	127	109	212	52	25	221	43	21	91	244	137	58	148	167	13	7	217	232	86	177	79	73	35	59	79	87	233	100	198	117	14	98	238	24	82	101	19	71	62	59	69	218	166	64	126	3	146	38	153	233	230	28	128	216	152	26	177	179	214	137	25	80	3	21	129	34	245	182	90	188	28	222	201	7	85	34	171
167	140	112	44	35	77	84	76	230	107	196	68	199	231	224	16	61	190	185	112	127	106	99	206	244	183	13	171	243	145	115	46	23	237	121	70	129	82	81	233	40	199	56	251	102	101	4	10	231	100	90	195	203	211	187	86	10	51	126	156	161	2	166	202	204	82	136	112	106	151	14	184	227	232	126	141	208	96	166	224	83	141	185	149	189	31	13	177	225	235	171	150	196	76	129	175	232	249	23	197
246	124	219	132	23	97	114	5	152	79	148	23	249	230	151	210	247	116	64	89	222	179	219	82	159	226	75	252	8	38	120	187	194	57	232	253	47	7	167	129	110	155	72	215	1	91	143	99	97	146	184	7	213	1	175	224	228	222	210	252	19	66	101	144	51	147	92	96	25	219	88	181	41	22	84	167	35	207	143	95	221	200	230	78	193	111	135	64	34	206	104	131	22	186	148	50	185	114	162	209
140	245	150	241	214	59	233	184	65	225	143	252	188	3	87	143	214	160	216	218	193	46	50	58	227	1	128	135	171	117	186	219	243	193	121	184	132	199	31	169	232	186	63	93	70	249	83	209	235	215	212	35	48	74	226	139	72	13	107	128	239	205	215	34	171	95	114	240	235	79	94	178	91	166	1	2	103	31	146	230	86	10	164	222	148	2	236	185	76	125	249	200	42	178	244	23	33	129	189	112
171	186	74	183	249	150	230	59	109	247	119	144	12	35	19	47	115	196	109	77	32	177	97	76	142	22	118	127	168	233	105	169	166	136	47	112	196	97	144	135	229	161	173	56	92	180	100	163	13	11	55	95	205	187	52	205	188	115	33	22	129	209	159	146	4	153	27	113	15	72	129	102	20	252	163	5	240	219	32	227	250	35	183	59	164	204	161	4	223	53	232	88	193	16	215	52	81	58	159	235
83	84	220	28	34	76	3	65	213	94	42	86	80	243	20	215	211	49	20	79	123	253	176	38	52	9	121	20	251	126	181	241	115	145	59	132	87	75	53	17	66	73	223	38	213	145	200	222	99	193	252	66	53	183	225	115	98	150	16	246	118	129	152	75	216	50	47	92	45	226	93	161	151	218	106	62	72	226	179	95	4	252	23	107	240	156	225	221	118	67	98	217	28	214	35	154	198	48	64	218
217	67	233	147	97	27	20	135	159	75	194	136	102	78	244	51	47	142	171	51	226	191	148	31	136	221	18	178	101	8	220	63	122	89	39	167	28	89	215	247	64	98	245	187	242	73	12	194	105	54	87	138	214	10	97	188	38	246	195	210	74	26	128	207	132	205	234	189	232	76	241	243	141	73	114	47	201	74	169	24	173	211	214	150	230	17	93	13	122	63	77	46	71	40	253	80	13	172	16	134
91	167	231	110	242	201	57	47	83	127	182	56	51	43	73	211	191	103	163	184	80	107	58	80	236	169	229	83	67	241	150	15	88	13	200	204	17	172	117	162	94	98	219	14	57	60	41	148	232	222	155	7	204	62	239	142	47	32	39	48	40	164	218	237	188	30	233	89	251	28	53	34	163	136	97	91	225	111	246	118	122	125	147	91	188	253	212	62	248	128	231	17	40	249	95	254	84	75	82	201
185	138	124	8	207	176	244	204	56	77	46	102	167	23	146	96	86	184	140	124	230	10	117	17	13	39	121	57	168	188	42	108	90	235	68	5	190	60	74	107	231	231	142	60	67	92	157	13	128	51	255	49	179	38	26	206	253	250	60	65	85	7	10	2	245	220	46	218	6	27	185	240	46	139	120	212	49	181	48	33	113	125	184	203	152	24	213	187	138	63	2	182	56	106	244	165	176	87	18	179
37	48	252	185	184	244	208	247	10	5	218	140	59	42	218	36	224	171	184	119	151	192	34	169	240	134	95	155	70	6	113	38	75	48	240	107	157	8	131	20	94	125	139	175	141	77	25	156	214	187	27	203	5	46	235	157	79	163	121	139	58	35	162	34	241	17	173	101	153	94	200	156	247	72	92	42	78	157	108	19	158	209	241	204	249	21	140	69	138	105	230	21	119	42	57	67	71	184	39	214
86	211	226	77	255	96	86	232	215	196	227	181	184	27	192	68	100	62	94	207	138	186	3	146	18	54	105	239	147	64	141	46	250	172	120	50	74	160	42	237	157	215	163	151	65	189	85	244	216	65	59	209	68	163	155	124	9	64	77	240	226	40	212	22	93	238	14	92	28	192	57	8	173	10	193	135	106	52	80	25	213	195	227	143	33	147	198	254	251	87	196	225	24	144	199	41	186	206	96	144
111	129	109	17	198	135	181	254	172	225	253	148	248	15	100	134	151	72	203	103	200	47	164	135	21	137	147	193	182	20	195	32	200	226	199	29	33	14	227	187	150	200	95	160	111	112	214	242	156	65	253	81	215	25	69	248	72	15	92	155	145	178	131	199	130	132	216	79	169	224	126	136	235	40	131	32	5	151	181	207	148	207	37	178	29	88	109	144	63	208	203	151	123	3	151	114	129	16	48	245
2	220	194	109	134	232	34	16	234	219	126	37	166	113	11	251	116	36	41	131	169	214	184	238	23	26	108	179	246	156	25	14	251	124	26	28	131	127	169	150	146	100	182	171	142	47	152	198	2	133	74	227	151	144	118	237	249	148	110	94	68	226	214	161	235	64	60	242	250	82	46	57	186	37	231	141	113	7	221	29	173	127	243	160	109	184	162	180	98	20	238	237	102	118	92	38	15	189	210	29
27	128	242	21	230	111	192	42	225	95	190	118	135	138	227	16	15	138	215	19	64	6	1	149	139	192	142	184	144	17	248	168	68	103	67	125	181	238	19	192	253	182	80	44	233	120	193	24	179	86	199	149	84	154	71	154	228	239	40	254	102	23	215	106	127	12	160	28	155	54	13	207	93	24	93	243	54	177	106	201	20	147	50	91	70	129	255	171	92	174	86	108	189	23	108	74	5	245	164	163
4	21	62	115	27	199	84	93	230	185	135	77	240	201	7	254	216	227	76	55	57	162	107	16	245	191	169	72	214	11	74	74	158	25	159	116	38	197	202	31	187	158	194	23	60	80	148	173	64	124	17	77	237	1	133	239	122	244	72	121	45	226	100	247	56	94	95	181	11	107	173	141	237	162	54	173	193	21	227	193	254	77	162	57	187	165	222	15	114	121	140	255	54	43	139	120	227	233	12	187
209	249	20	209	55	242	225	153	109	185	223	66	118	50	187	15	198	53	48	142	187	243	218	113	197	18	68	79	92	195	15	204	33	47	46	138	59	249	188	227	249	217	180	218	206	212	17	189	161	101	24	109	36	89	206	32	133	113	64	57	188	108	103	23	91	121	120	225	45	110	50	176	126	139	120	177	243	34	245	108	138	88	251	164	66	29	80	14	122	213	64	238	34	114	84	120	229	240	13	44
62	237	44	239	207	8	95	245	171	5	115	7	20	117	13	166	206	127	208	124	73	147	211	97	134	95	202	141	123	220	209	73	222	14	15	204	182	114	222	36	112	69	180	183	219	24	130	118	1	205	153	252	156	17	88	8	93	156	68	79	117	229	50	230	216	78	230	15	12	164	138	163	5	73	105	131	2	162	195	165	114	180	48	234	84	237	131	209	161	24	14	191	155	30	38	167	136	78	193	97
57	77	77	14	201	34	88	103	10	8	39	246	195	55	13	55	12	154	181	215	116	4	16	180	119	81	205	74	97	236	118	130	8	133	37	193	172	182	253	50	90	144	211	129	189	20	187	2	149	45	153	186	23	235	231	90	118	80	239	165	120	53	70	25	142	49	171	8	52	223	29	192	102	57	22	198	138	230	247	70	113	87	71	15	162	97	121	138	187	27	58	93	254	241	247	138	51	236	53	79
162	174	119	242	47	16	65	185	34	133	72	229	24	143	40	202	93	82	224	200	161	112	178	99	97	208	222	2	11	163	119	16	106	202	5	7	234	26	207	207	9	112	127	145	37	69	37	115	171	182	117	230	174	135	2	218	162	150	206	89	251	154	245	231	83	10	86	177	51	144	56	89	200	102	130	59	74	111	190	221	150	45	162	50	121	20	103	227	146	225	55	253	27	73	10	204	148	63	109	143
151	54	161	69	79	172	152	223	36	222	212	29	76	188	167	250	33	101	89	218	174	0	249	46	156	42	180	109	66	161	109	181	27	174	167	89	0	23	240	135	126	59	207	92	120	214	117	100	238	168	245	100	124	203	107	171	223	181	127	191	221	240	124	33	69	218	184	251	19	41	234	139	28	128	50	165	238	170	147	14	247	232	232	0	112	234	229	215	234	238	106	108	52	46	53	107	120	139	233	230
26	175	56	228	226	42	118	231	251	188	112	127	134	130	93	104	192	119	6	230	250	88	2	251	176	20	233	98	45	178	103	189	123	112	74	38	180	227	108	22	200	242	167	85	148	101	180	187	251	59	178	167	172	178	51	251	223	131	10	91	130	33	186	220	220	71	119	152	16	64	71	254	227	255	164	68	28	116	118	220	168	206	121	254	244	95	26	52	65	248	97	195	227	235	204	90	162	116	173	255
66	7	132	194	10	241	155	189	1	44	108	206	235	89	151	20	0	213	117	44	12	223	105	180	30	12	113	5	143	148	165	232	165	199	81	173	209	247	220	146	36	10	151	133	65	189	122	86	64	237	220	254	129	191	24	25	87	211	115	17	105	18	30	219	4	148	140	98	249	226	35	26	129	211	180	170	31	8	181	208	250	222	90	220	47	20	221	152	82	51	247	54	199	151	30	241	38	151	174	209
161	67	170	135	220	53	8	213	45	193	157	208	235	136	65	94	170	183	20	45	12	17	203	219	16	90	96	74	144	242	2	129	62	96	181	244	38	124	36	162	217	186	87	52	6	146	159	96	174	24	213	53	218	62	243	82	1	45	95	178	40	72	108	227	106	82	159	119	28	7	102	145	187	140	173	6	5	197	36	23	196	235	159	124	214	204	87	147	109	54	135	19	158	9	19	99	151	187	82	118
102	237	251	196	107	93	74	138	133	193	161	61	246	162	226	143	51	129	139	101	101	166	151	92	22	90	147	142	184	226	161	93	156	92	112	42	212	245	111	202	130	253	154	87	15	153	243	116	233	26	186	106	155	237	24	236	164	85	92	67	157	22	36	122	58	49	158	174	194	28	12	143	148	132	27	90	86	217	133	191	227	27	41	76	220	53	197	159	19	0	99	166	255	129	141	108	145	225	0	119
102	10	221	44	118	81	37	88	84	72	110	127	224	40	191	221	224	243	61	65	205	227	16	251	108	76	8	159	108	103	188	205	147	149	224	175	227	118	143	232	35	14	230	170	141	161	142	235	106	67	136	110	17	24	206	142	46	208	66	182	130	6	112	132	255	249	19	16	231	164	90	56	147	65	60	55	117	153	0	109	78	12	144	213	224	79	190	45	239	148	237	121	148	118	180	0	230	130	225	240
142	66	129	6	7	137	43	1	91	96	37	208	62	82	162	143	215	247	191	18	167	204	203	190	190	52	180	203	96	124	180	104	141	24	125	59	81	26	68	65	1	118	183	129	140	126	193	86	221	61	204	196	110	14	93	181	52	26	85	237	161	54	117	101	252	126	69	109	5	4	142	138	89	87	230	45	136	79	20	237	236	38	63	45	247	28	27	62	231	155	244	68	58	39	28	160	91	105	143	190
64	15	212	1	198	252	193	28	58	148	98	143	213	216	120	31	135	22	166	184	188	209	134	223	187	138	40	65	101	33	142	114	81	247	192	145	236	206	201	99	78	80	53	242	102	219	251	164	151	37	204	125	88	234	171	163	170	130	39	60	162	82	129	63	178	255	205	143	196	242	3	109	94	213	141	176	189	160	236	197	165	209	88	103	68	223	183	57	115	11	35	142	35	137	152	33	59	16	212	83
107	129	255	44	165	105	35	69	114	106	96	43	98	22	204	173	223	215	8	191	113	254	118	82	88	166	83	143	95	223	53	100	163	68	35	5	44	70	232	241	85	116	115	0	60	32	141	30	41	150	74	25	93	11	79	172	151	194	223	12	236	215	146	67	130	68	124	63	70	184	123	25	68	107	162	46	128	175	153	140	240	49	247	167	191	148	77	2	168	8	244	224	161	244	8	121	36	108	113	36
182	247	62	62	63	214	21	84	177	5	133	183	94	35	91	113	76	66	141	214	11	183	52	178	186	186	33	147	110	174	231	251	133	222	57	149	173	130	106	36	167	236	52	3	133	235	132	250	177	11	147	53	48	142	82	168	170	206	174	235	243	64	209	253	170	236	50	140	76	7	61	60	99	173	78	9	250	31	224	147	98	59	223	128	135	180	28	142	122	104	3	150	157	228	242	80	46	161	45	156
157	97	213	55	205	59	158	45	241	116	5	223	80	147	185	94	103	181	131	180	136	217	69	243	22	205	76	165	168	218	61	30	126	3	158	216	124	215	68	191	162	28	118	203	164	173	94	17	79	244	110	14	110	228	83	80	26	183	122	224	85	108	66	127	220	104	156	161	49	34	102	195	71	48	161	19	237	230	21	86	255	57	117	114	123	92	57	48	221	183	122	148	228	92	50	23	197	26	56	96
205	133	22	76	62	45	10	249	169	20	34	28	124	126	159	249	213	159	237	174	151	37	219	44	52	238	161	65	240	191	81	109	57	128	2	57	90	210	91	143	8	155	231	107	194	223	238	35	93	121	143	176	248	134	84	14	79	65	192	23	74	50	234	90	19	132	151	67	235	186	71	113	182	19	23	41	181	88	184	174	7	97	136	146	188	240	69	49	121	82	76	27	113	52	254	179	71	160	35	167
43	22	233	102	101	175	18	29	232	32	76	126	85	239	14	197	32	72	139	84	111	171	126	179	143	120	110	23	33	74	6	250	99	168	22	116	90	246	85	208	17	236	161	24	31	55	178	46	247	84	94	157	177	216	171	51	78	128	98	163	218	226	144	204	237	27	125	25	253	14	103	101	201	14	109	226	48	125	52	87	113	61	34	229	128	10	42	102	76	37	125	127	228	170	247	50	179	65	203	42
25	67	22	208	76	249	52	190	230	247	62	254	181	64	237	5	197	171	183	253	206	39	130	35	79	45	102	113	31	107	53	15	213	142	255	8	197	122	184	242	64	114	249	176	196	213	18	81	162	172	30	193	26	50	75	79	40	9	87	199	106	214	11	6	14	237	56	185	56	246	217	100	153	157	245	93	18	15	100	135	38	74	31	83	157	29	216	44	110	104	9	126	16	34	225	174	40	151	54	247
53	14	1	104	135	34	247	94	15	22	237	87	144	117	49	180	174	117	126	66	245	87	156	246	94	111	19	90	255	190	79	82	196	25	2	116	205	53	163	83	119	129	105	56	112	231	215	154	237	232	248	115	45	60	200	199	107	86	67	173	235	227	229	241	13	204	87	224	103	246	199	157	253	27	99	111	57	200	222	246	67	198	211	12	57	55	66	146	141	123	162	196	21	144	82	2	119	209	244	93
5	242	249	88	55	53	131	139	183	69	251	146	192	207	235	252	4	155	108	199	149	159	129	121	131	171	180	242	237	250	244	234	255	225	44	93	168	192	46	240	80	65	22	156	238	178	174	137	162	128	81	205	60	210	5	186	80	81	19	182	8	82	219	3	78	111	123	139	17	241	99	219	196	172	38	240	166	62	89	207	31	144	27	148	193	234	116	143	218	165	71	46	26	64	112	107	54	197	113	0
157	110	63	198	142	115	1	98	249	28	173	183	182	105	244	201	227	251	88	131	173	233	44	180	204	177	40	117	81	202	209	10	171	179	118	155	128	223	32	51	140	94	24	129	33	106	173	33	52	249	72	222	1	107	124	182	78	33	37	224	202	106	118	207	106	4	206	59	73	24	31	206	90	241	28	229	136	15	19	83	113	189	146	55	58	130	178	191	231	114	234	8	171	8	155	207	82	12	24	175
142	88	81	120	121	224	228	153	187	65	242	81	188	83	99	145	21	133	6	154	187	63	245	21	153	106	151	94	161	51	160	175	232	227	250	164	159	216	200	195	147	155	252	117	158	12	125	56	118	220	219	101	31	92	201	16	216	235	234	32	33	7	73	174	252	106	91	89	131	218	165	143	127	238	248	108	212	21	100	88	19	157	79	74	14	91	33	71	234	204	182	177	254	79	134	250	162	127	18	237
12	52	207	58	169	140	249	18	228	113	4	194	150	239	230	132	52	195	111	185	143	106	24	103	230	13	123	158	157	39	186	181	77	207	218	207	93	52	114	19	249	23	57	103	26	82	146	156	255	26	36	86	101	128	214	254	185	178	179	14	45	4	103	74	210	251	230	125	74	99	46	72	64	112	174	32	101	153	159	99	243	17	218	228	132	114	215	23	72	1	35	55	236	39	57	32	232	73	71	48
194	190	21	88	110	70	28	195	159	57	14	175	255	28	250	82	22	46	243	111	163	7	155	239	58	202	60	161	80	196	143	143	7	186	0	117	89	65	178	18	142	14	225	95	106	18	53	180	98	78	54	121	185	74	226	67	133	86	131	87	221	151	237	12	113	215	180	111	6	170	25	1	41	226	125	245	221	48	7	79	42	226	75	76	207	42	211	99	182	108	241	216	46	86	84	45	112	79	11	125
83	85	26	86	166	42	145	80	104	240	138	247	84	42	247	254	101	232	235	218	240	225	199	177	217	206	227	108	5	196	3	149	29	43	76	112	64	136	120	231	146	198	184	255	157	119	13	7	120	48	41	134	253	129	95	251	98	254	17	70	103	181	179	106	243	70	205	237	184	234	209	157	245	243	179	5	239	199	49	211	44	153	128	147	3	9	134	251	195	108	216	27	4	24	71	16	132	145	38	89
171	215	173	116	93	126	186	154	235	68	162	16	224	35	9	122	126	89	197	196	14	226	160	57	158	221	53	203	65	153	162	233	22	148	45	114	254	48	165	245	216	189	160	46	200	127	64	88	231	254	191	99	107	94	17	243	34	1	243	205	182	8	198	46	190	39	149	145	159	87	156	45	141	173	121	89	23	61	43	189	83	49	65	243	180	148	94	35	148	88	88	74	12	220	136	211	205	134	45	119
201	9	209	195	216	25	149	203	161	15	52	160	1	39	195	156	113	22	110	242	195	110	56	18	167	107	234	22	76	168	90	13	130	92	65	78	181	1	7	14	241	127	196	249	37	86	136	23	166	80	93	100	168	191	255	100	6	108	110	236	19	117	161	250	241	130	166	85	43	17	27	53	48	122	101	86	248	152	110	237	255	146	158	18	77	132	75	223	140	29	121	38	204	119	101	30	183	103	169	61
26	106	125	73	84	125	151	236	34	230	64	83	14	114	17	9	164	103	125	130	148	64	40	250	41	51	125	25	192	115	10	138	118	146	3	151	178	152	247	248	116	221	29	234	226	215	34	127	96	59	130	72	155	37	132	96	128	192	24	157	202	47	141	108	148	122	247	137	156	48	51	187	237	163	5	166	8	213	40	244	117	242	250	206	1	136	104	150	71	127	235	76	18	206	186	99	89	93	241	6
41	148	195	168	70	25	48	14	170	8	212	151	194	84	105	29	26	75	76	72	92	102	82	227	164	74	40	218	236	59	216	135	190	68	196	167	81	25	10	16	206	220	136	21	169	141	206	133	234	50	110	198	15	205	86	144	131	185	240	181	219	121	23	99	98	206	215	35	200	121	189	245	199	153	18	130	140	105	122	150	246	16	132	213	112	159	7	88	208	44	190	60	58	33	181	209	124	171	19	118
40	78	164	247	97	42	50	195	13	215	63	251	77	88	158	24	58	181	216	253	142	188	26	208	130	192	143	197	241	54	84	154	74	249	155	243	139	22	146	101	39	180	128	189	115	72	56	80	218	220	226	153	153	32	179	5	45	200	221	51	8	222	197	167	192	66	253	95	73	225	203	232	55	199	111	128	9	110	31	164	60	246	171	10	114	245	154	30	120	172	214	98	170	68	130	240	25	43	176	176
243	230	15	113	49	112	68	209	254	95	253	180	108	21	175	12	63	117	146	167	31	5	237	117	171	122	44	252	229	186	231	25	85	191	211	251	48	11	118	255	65	207	160	82	134	162	44	81	9	117	155	73	126	155	162	221	152	25	71	107	166	3	176	253	170	107	122	232	134	203	134	95	12	94	189	114	207	8	14	185	25	135	126	11	58	58	176	222	134	66	139	225	67	79	89	159	248	152	154	97
10	64	109	243	41	41	68	131	127	65	185	22	210	40	238	240	201	117	9	75	53	151	238	144	183	38	142	49	212	248	82	183	113	21	90	199	108	102	177	14	50	95	199	214	70	154	111	199	186	123	177	53	88	139	158	151	180	144	103	187	17	122	56	243	62	92	214	163	87	53	152	178	191	67	132	170	68	177	214	160	121	40	124	62	213	252	9	215	43	168	143	233	100	60	99	252	214	212	196	246
113	203	174	4	175	168	107	54	193	50	245	167	89	85	229	19	97	5	74	111	234	127	114	60	117	83	112	221	39	4	54	143	131	21	92	204	113	196	52	227	126	176	41	17	30	166	155	176	163	169	65	217	128	206	163	0	247	129	180	89	241	6	69	16	242	82	41	158	116	44	58	127	10	84	114	49	25	45	194	59	42	204	155	37	88	208	3	235	94	22	221	203	246	145	151	97	44	170	235	52
153	74	157	194	78	105	225	227	215	68	236	58	207	84	90	6	116	2	29	23	132	251	135	100	10	72	164	40	44	38	170	46	178	194	120	233	26	21	159	136	69	251	88	104	141	146	83	135	198	109	209	97	160	100	218	106	157	249	136	34	31	102	117	37	4	186	144	236	250	18	100	153	23	42	217	27	23	199	143	89	80	134	248	37	110	235	238	134	28	58	141	126	27	248	238	163	136	112	171	67
68	128	89	215	229	238	98	125	9	1	241	218	57	183	185	76	204	123	53	97	153	69	243	181	56	49	70	178	248	192	83	245	9	34	106	7	176	62	229	107	246	175	39	186	111	34	64	103	14	227	235	177	54	48	119	175	143	24	81	157	242	17	119	129	228	206	120	213	139	234	50	115	108	32	78	20	95	54	186	136	147	30	176	236	210	32	137	59	116	9	143	192	216	140	146	124	213	118	199	95
91	87	240	33	244	118	75	132	8	113	140	168	194	222	196	226	65	164	15	141	207	191	46	133	192	15	83	66	221	139	57	141	21	104	18	80	219	6	144	71	225	42	106	142	0	255	144	11	235	96	81	217	71	179	195	81	86	94	83	99	100	97	124	130	38	99	5	114	131	128	17	211	5	86	100	145	34	128	100	250	74	0	95	252	226	187	204	30	123	237	100	180	75	164	158	170	128	137	34	254
123	86	168	70	36	28	52	65	169	226	46	139	176	74	157	76	203	233	106	197	71	218	127	132	30	145	134	237	143	121	109	235	117	162	155	131	147	71	211	191	196	218	146	81	104	34	82	77	199	221	251	254	233	116	6	80	54	30	129	60	227	54	52	209	153	93	49	93	111	71	133	70	19	240	20	83	181	32	67	165	254	65	193	54	32	24	231	168	78	191	205	250	197	138	173	49	87	210	170	145
62	228	70	194	184	89	118	128	252	154	118	45	66	215	102	38	62	227	133	193	61	172	21	8	152	66	117	81	184	120	254	38	131	133	17	123	120	116	196	229	239	85	117	138	235	172	224	146	161	23	66	233	177	114	218	42	253	234	16	101	16	35	186	7	10	94	201	92	20	135	192	251	148	210	135	70	84	122	100	49	92	191	39	21	181	185	229	247	107	122	200	92	239	118	138	164	233	129	40	108
118	238	50	236	26	117	116	149	177	162	188	13	140	140	64	224	25	80	66	60	164	48	78	59	109	111	254	32	46	249	112	11	157	187	105	197	203	157	59	125	38	226	204	105	191	230	190	240	25	3	144	209	93	176	38	57	110	230	28	115	196	173	246	77	12	13	67	1	41	60	71	155	127	183	154	110	209	26	192	168	112	70	47	65	148	50	57	151	218	236	47	158	173	202	41	145	179	89	166	226
162	44	34	175	220	28	37	243	150	134	178	188	209	204	35	180	45	185	80	130	245	145	64	98	123	19	241	223	114	11	41	81	140	11	81	92	64	7	29	161	62	195	151	185	178	175	234	132	181	241	5	91	10	31	109	20	13	125	224	237	134	31	32	29	53	116	74	65	205	191	93	237	207	249	235	111	198	238	104	253	163	231	110	140	230	182	155	104	37	221	248	190	147	4	115	188	204	251	113	251
39	92	83	197	242	36	189	213	230	14	16	122	122	171	231	108	50	139	55	31	26	54	134	152	224	98	69	101	118	136	158	116	79	59	205	135	224	146	127	64	232	100	45	104	175	82	232	215	26	236	52	115	32	208	144	8	131	142	42	162	32	229	153	44	94	41	112	222	85	173	26	17	97	84	15	85	15	197	91	14	201	55	58	132	91	148	53	134	212	204	15	219	96	178	239	252	164	107	70	155
233	70	129	117	234	246	228	238	157	142	250	118	243	167	153	68	229	188	57	37	233	247	234	191	230	190	226	9	208	130	12	48	178	108	220	98	211	227	6	90	230	244	131	93	167	203	195	144	26	35	136	57	128	158	158	110	126	3	117	251	245	221	117	25	52	158	132	202	230	5	15	60	126	43	241	223	27	100	196	50	29	203	114	29	223	34	212	191	157	207	221	126	127	111	121	114	147	56	176	234
159	163	138	147	80	188	0	68	16	234	181	251	241	200	145	197	255	172	165	141	199	124	206	151	164	228	74	69	115	123	155	154	67	213	213	50	97	136	38	102	82	199	213	160	50	99	187	241	131	254	115	227	151	162	148	58	102	29	123	121	109	79	18	177	72	74	140	193	175	34	117	219	225	116	98	66	234	251	187	46	49	91	127	118	129	110	92	216	109	7	59	107	151	32	90	241	49	109	124	17
129	213	246	16	241	144	40	145	46	203	142	198	30	228	6	67	102	183	248	120	141	37	229	94	24	160	110	22	20	156	97	34	254	155	67	12	164	28	197	220	55	163	68	44	112	141	28	237	181	177	223	246	211	14	224	146	18	142	224	80	35	97	43	143	63	46	144	198	42	114	28	133	203	42	215	79	116	164	75	153	225	97	147	177	226	248	107	180	97	219	138	119	48	245	159	205	95	211	222	163
7	62	31	52	74	211	82	33	107	53	19	14	0	87	37	164	42	97	74	57	129	145	228	38	224	4	143	222	89	47	242	221	183	3	178	82	119	184	24	152	117	2	203	227	129	79	70	205	39	11	2	132	205	144	3	97	249	235	42	69	91	49	197	138	249	4	127	203	37	150	40	86	162	197	16	209	205	197	233	62	39	117	193	220	115	213	245	232	189	84	219	75	8	40	198	117	243	196	174	203
109	78	135	4	170	241	88	102	3	28	67	181	90	103	197	241	254	170	136	103	161	71	84	8	100	180	26	142	208	176	177	241	21	90	0	80	222	197	3	224	127	37	45	40	158	233	106	198	81	220	68	95	224	163	167	57	165	33	129	191	27	101	0	16	221	154	245	204	167	58	56	224	164	56	66	201	210	106	27	33	17	33	62	42	215	122	11	17	133	251	138	149	55	91	211	252	199	125	105	197
117	104	58	194	1	142	166	28	126	195	120	87	95	125	156	47	253	7	73	77	17	184	255	11	127	32	17	196	63	138	160	17	249	113	109	73	40	51	168	42	190	90	207	24	193	123	162	144	248	5	184	180	67	120	219	121	112	144	78	106	195	96	167	149	20	53	39	175	160	87	195	66	154	176	2	163	190	41	197	1	190	186	197	138	86	63	108	251	205	159	97	234	152	244	227	17	243	250	166	185
3	19	130	86	179	158	129	25	124	101	225	205	66	214	181	85	25	46	86	251	22	13	7	89	65	50	97	18	98	66	82	233	193	165	177	36	82	222	240	71	246	104	176	31	199	240	155	218	204	0	250	44	72	107	155	122	192	100	149	14	43	89	143	253	156	45	140	120	132	210	38	57	147	77	27	26	128	3	16	49	124	127	36	100	213	156	37	31	65	66	80	150	71	13	38	102	25	190	204	53
174	4	187	235	228	227	177	55	131	27	161	21	106	64	232	250	121	6	145	16	224	1	11	182	194	8	220	36	151	115	202	101	161	98	222	56	14	185	134	173	39	133	71	145	77	193	161	112	112	243	123	4	253	72	79	10	80	122	208	144	91	214	16	152	194	73	251	123	134	241	89	145	195	158	199	101	50	251	67	217	235	135	143	141	147	4	50	67	111	238	139	49	247	107	159	136	152	246	133	44
10	149	123	49	65	216	182	71	89	5	152	13	76	255	13	198	40	27	193	145	183	248	54	81	9	194	179	251	93	200	156	152	78	83	205	50	203	222	146	171	70	110	176	173	66	56	176	152	250	120	135	249	170	128	146	184	206	41	83	94	75	209	134	71	168	75	225	207	8	125	115	228	36	79	93	132	185	253	121	127	176	49	65	229	35	106	96	247	242	65	228	213	203	141	50	177	231	215	249	64
83	20	136	3	73	114	78	19	51	120	221	245	84	180	245	51	4	20	65	37	216	101	210	106	115	155	122	186	90	28	99	57	73	33	46	110	195	232	240	72	85	163	113	3	227	4	5	143	92	240	65	188	53	192	235	183	214	128	127	24	225	85	179	73	109	230	248	192	192	33	126	78	210	217	35	29	66	216	234	248	92	136	228	10	22	239	108	69	127	75	26	162	2	20	235	157	27	237	55	45
4	182	225	124	157	124	139	111	227	66	78	145	77	187	107	225	71	74	74	20	197	105	70	204	254	97	150	13	2	142	167	226	204	162	227	202	101	117	123	90	157	115	88	209	34	141	215	204	17	136	126	104	143	75	228	158	214	13	129	174	180	79	254	234	243	71	49	70	81	63	201	191	210	115	87	89	168	194	149	151	55	230	174	171	53	157	58	47	17	187	32	230	87	60	13	75	2	209	64	166
70	96	108	128	190	196	48	65	190	206	178	245	238	64	251	26	175	139	58	232	171	210	112	94	243	192	51	131	220	90	2	243	99	5	144	160	8	181	136	174	121	195	6	61	68	1	207	104	111	184	243	72	106	107	236	193	51	183	87	105	193	61	3	79	41	24	188	109	228	239	31	230	47	5	203	95	41	195	226	229	167	255	164	236	230	79	138	71	46	118	77	19	49	93	97	161	215	235	131	73
149	223	232	242	27	218	12	151	121	113	54	254	234	59	53	3	210	186	212	86	33	30	239	127	170	22	150	141	87	105	136	201	120	108	94	68	41	111	120	105	34	235	157	62	159	195	31	61	194	97	208	180	18	147	156	179	202	14	220	241	96	7	28	60	114	70	108	245	202	249	95	83	100	27	42	233	134	200	153	204	78	159	162	225	52	115	20	144	31	181	235	52	45	15	71	20	202	120	91	248
89	69	240	185	121	233	220	8	235	0	28	208	29	80	131	243	47	42	168	155	66	203	133	28	240	254	132	37	118	94	25	183	154	5	76	5	128	197	137	163	134	145	78	233	187	51	223	56	81	131	193	167	199	76	75	63	193	122	183	75	1	250	252	221	47	1	245	49	231	201	255	246	171	238	84	157	112	180	18	6	222	63	211	249	24	23	33	98	87	125	194	65	137	153	39	207	184	150	241	0
217	167	163	72	137	99	50	211	56	149	218	48	44	4	147	46	165	70	55	92	105	50	197	113	243	120	151	202	25	176	26	71	199	185	227	221	222	22	94	82	89	67	176	150	222	79	211	154	118	84	84	11	154	30	166	89	205	20	143	29	167	43	66	84	87	16	214	215	237	70	121	174	81	173	86	148	205	166	217	38	58	204	201	1	81	128	90	210	20	112	25	148	207	139	156	196	33	13	222	214
137	37	122	202	95	85	162	88	94	222	113	82	22	249	1	174	46	65	37	118	90	169	115	150	38	112	161	116	104	191	66	97	232	224	55	112	70	91	230	144	59	192	211	87	249	234	69	127	52	238	152	133	106	14	36	115	168	207	192	28	122	93	74	70	167	183	77	105	219	102	48	49	206	85	234	185	136	206	27	195	15	185	149	200	137	66	77	120	230	155	27	139	85	92	184	48	143	108	131	138
201	120	206	231	71	64	14	39	84	55	216	70	66	84	112	110	28	112	6	58	222	151	75	253	3	3	108	138	127	212	68	54	48	88	35	51	87	70	230	75	27	17	240	191	215	21	44	84	243	1	112	171	142	241	121	77	106	80	121	33	53	83	173	177	111	78	228	72	172	159	107	109	29	91	43	246	153	212	255	134	141	184	125	36	244	170	68	242	116	186	227	222	111	85	177	220	54	229	22	33
91	120	120	48	80	100	35	151	21	124	207	60	144	212	206	37	245	222	192	236	38	81	101	0	31	163	49	117	192	64	223	184	234	99	229	80	32	224	116	191	69	89	251	75	204	43	150	216	45	2	122	73	25	77	188	246	51	49	116	71	216	28	205	107	105	226	234	190	206	208	224	62	176	163	97	154	78	212	27	71	102	204	220	162	180	110	155	158	18	58	238	87	131	99	74	138	81	241	41	27
211	219	8	246	187	192	203	166	24	170	219	55	117	211	255	233	79	228	218	122	142	41	3	23	24	14	27	246	161	67	82	134	8	188	216	40	36	85	77	180	205	208	45	198	11	240	98	78	39	8	40	152	92	191	160	255	45	146	65	239	22	151	28	21	169	251	196	2	207	22	225	12	122	137	95	216	54	119	178	132	6	84	81	32	129	240	26	26	56	138	189	226	50	190	244	224	36	254	130	141
216	215	173	145	172	184	223	211	230	152	210	63	211	140	65	138	215	107	147	248	161	225	173	98	194	144	140	27	65	152	4	6	253	26	99	211	148	199	102	166	7	184	91	91	78	30	88	64	246	53	195	71	98	155	34	202	115	87	173	134	72	228	197	52	254	245	100	229	62	6	76	15	96	157	198	210	46	235	106	209	55	148	248	69	122	37	238	186	185	83	117	246	115	182	205	235	68	148	251	104
81	12	101	246	133	160	254	22	77	73	140	175	63	42	186	41	187	157	2	160	191	208	96	128	207	102	178	98	129	115	195	162	232	51	32	249	190	142	167	46	145	119	26	101	101	3	49	2	220	6	242	203	173	217	37	149	149	157	213	38	218	220	193	243	111	134	64	148	222	2	88	206	233	208	107	64	160	123	168	63	16	113	231	111	12	98	62	142	137	100	237	161	217	15	133	44	39	219	72	114
30	22	127	110	99	248	160	36	223	103	204	222	26	105	17	115	90	163	46	91	234	72	86	18	114	35	197	96	159	15	185	167	8	12	147	73	251	57	165	110	42	154	196	51	214	126	117	198	193	141	115	224	193	52	3	170	215	53	51	171	208	159	159	223	8	106	253	28	72	57	98	98	116	217	54	162	72	56	127	108	110	61	208	118	218	84	38	213	73	186	212	54	21	144	154	64	35	175	23	63
231	199	219	0	159	109	25	76	128	100	199	60	28	201	114	10	199	145	104	206	0	49	207	60	186	65	200	126	167	158	159	93	58	94	94	222	222	122	82	120	2	82	108	58	103	11	150	105	183	56	4	196	39	6	104	157	42	173	132	29	120	73	91	83	28	21	0	5	33	251	84	38	46	85	22	13	168	71	150	43	107	208	185	27	14	64	85	42	154	53	100	9	124	117	143	201	179	79	59	108
128	34	213	69	13	228	46	82	86	252	80	146	7	11	133	216	128	153	41	98	169	210	79	58	21	66	243	206	147	9	37	35	133	117	214	151	35	83	221	174	244	225	132	114	29	11	93	162	0	221	204	103	182	145	38	233	5	31	25	249	202	198	142	209	189	53	14	74	129	243	252	40	4	22	108	4	98	32	245	86	178	17	146	123	26	42	74	107	55	68	169	250	93	44	114	240	153	136	143	107
84	24	127	249	233	58	41	221	167	96	33	69	162	238	76	226	142	105	14	53	182	170	247	30	21	88	159	182	162	113	93	218	241	14	88	47	37	77	68	2	17	18	196	141	36	17	204	244	144	104	225	38	179	80	147	247	187	194	155	204	206	246	230	189	177	39	34	12	225	170	87	251	159	45	135	183	82	76	170	123	58	173	74	74	92	105	246	171	81	182	92	96	168	202	46	134	242	207	243	157
55	93	129	6	206	6	175	89	196	52	227	159	33	23	94	242	189	244	15	125	122	227	132	159	4	162	144	0	142	192	87	109	207	220	138	162	206	235	38	3	45	37	137	144	181	246	166	243	187	83	52	60	217	89	86	90	180	47	105	182	18	164	135	50	187	98	20	73	204	224	213	224	177	167	212	134	165	194	145	19	248	83	139	139	194	204	236	113	67	231	172	69	121	241	76	45	104	34	164	185
211	246	40	75	170	78	89	24	49	141	99	25	122	43	107	6	100	126	125	145	67	37	253	124	9	148	49	22	191	186	248	184	92	1	199	202	214	123	142	189	223	90	246	98	61	128	246	63	171	162	35	51	168	36	203	30	209	226	91	46	127	140	213	136	84	109	100	242	179	180	94	61	97	172	211	79	157	126	76	136	245	48	4	159	187	237	217	82	212	114	119	53	39	214	167	88	120	144	83	170
205	89	27	187	41	192	63	50	42	70	247	82	106	193	208	167	22	67	32	71	177	155	127	133	56	243	60	110	231	34	102	108	237	250	238	246	88	50	19	30	174	192	70	151	7	99	193	109	223	142	144	113	7	84	156	21	222	250	102	212	31	25	166	23	140	65	4	173	131	177	143	201	6	197	28	8	54	126	207	180	46	238	33	14	221	140	143	1	150	91	44	225	176	66	136	155	211	35	95	203
185	103	129	51	63	45	78	208	161	25	98	70	136	226	121	55	131	231	246	117	87	211	112	204	38	155	213	111	183	42	121	49	216	166	219	192	138	69	26	149	149	54	123	47	15	99	205	139	170	138	219	244	89	218	26	197	172	14	198	106	134	110	126	113	70	182	31	13	138	6	77	174	194	144	86	101	46	235	181	5	161	14	132	112	180	253	202	170	169	68	184	136	35	227	27	149	126	2	53	205
21	98	198	240	49	81	36	215	175	172	157	0	41	162	42	152	75	89	163	63	167	201	94	147	61	36	133	234	142	174	39	171	210	15	211	144	102	2	245	209	131	229	136	53	198	91	169	146	92	253	251	45	185	59	232	52	11	216	95	241	165	53	123	181	182	200	195	249	185	115	92	211	44	89	243	248	9	241	126	77	224	244	183	10	222	201	229	122	200	74	48	121	247	156	134	202	114	13	131	96
130	119	192	3	56	132	97	216	169	104	96	74	234	92	106	168	183	167	181	174	225	226	222	205	130	116	147	20	126	161	238	62	225	252	110	75	17	215	22	41	178	38	143	192	210	19	44	50	179	178	81	82	30	127	211	189	186	7	117	107	239	246	193	144	128	39	218	183	84	235	155	93	5	80	21	221	158	169	154	192	231	190	225	137	187	84	199	49	219	104	120	129	113	40	229	5	35	29	168	169
85	11	61	74	180	13	56	209	108	75	244	145	4	189	135	30	73	112	26	97	65	86	153	203	210	133	193	182	96	26	204	218	221	239	108	203	180	2	15	227	138	8	201	172	100	149	92	211	35	141	198	93	116	240	184	224	201	140	110	12	154	190	196	188	98	197	212	67	52	199	111	245	52	174	20	115	29	161	31	57	18	116	25	62	52	143	216	86	113	132	230	60	238	179	131	84	130	147	29	200
123	61	140	38	155	157	129	33	83	187	34	100	82	25	178	80	218	214	124	153	101	88	97	119	109	100	98	249	35	66	179	67	220	124	25	155	11	152	51	60	231	177	190	68	139	240	177	162	207	163	205	233	5	95	181	20	180	197	169	30	251	207	179	78	224	135	73	40	243	77	215	34	78	179	47	173	133	176	135	124	25	102	91	223	136	129	251	73	126	65	50	165	14	146	141	154	176	122	5	16
75	26	58	225	123	221	213	41	43	245	36	5	67	189	81	234	31	206	232	250	196	126	97	17	176	48	7	190	48	30	93	0	99	129	150	160	177	24	115	28	216	224	41	181	218	220	71	151	100	229	151	83	206	86	53	120	188	191	147	224	92	236	81	198	245	124	199	212	16	70	39	203	199	196	142	8	157	140	232	84	75	247	123	38	204	180	141	114	81	223	27	250	157	64	73	105	106	78	245	68
194	47	152	197	57	15	236	231	43	112	78	84	4	95	36	219	225	192	100	209	152	15	38	199	239	224	230	154	36	101	28	127	229	62	177	253	36	238	255	59	63	187	25	53	151	26	109	210	128	122	205	149	34	211	40	24	101	132	190	56	192	188	203	170	220	52	123	10	106	192	112	101	85	138	64	29	151	75	159	16	113	120	250	216	2	197	244	241	32	76	111	55	221	65	153	232	16	230	112	117
59	168	240	15	36	75	46	232	136	98	12	109	26	28	143	253	183	51	36	211	133	74	4	148	204	223	186	130	74	70	191	194	59	2	105	240	181	148	250	136	196	122	206	98	60	7	38	153	180	37	178	116	175	24	87	247	37	225	167	228	97	51	11	146	29	103	115	6	9	36	135	203	4	199	26	99	134	91	39	231	213	239	228	22	98	4	103	140	164	110	202	120	251	70	6	157	186	96	70	143
79	248	79	7	15	92	41	78	215	41	100	52	40	162	157	230	230	143	187	164	104	162	90	155	43	131	141	35	157	213	133	140	126	162	133	171	80	96	88	67	15	182	137	2	16	203	60	60	23	25	176	100	241	100	185	118	65	205	16	88	233	174	117	8	81	212	145	83	215	153	204	223	209	174	12	73	190	203	196	119	178	24	150	59	69	47	91	94	123	141	82	250	145	157	7	147	105	194	146	57
