61	120	178	117	204	141	37	21	54	185	240	133	170	167	64	120	132	170	159	40	117	65	54	180	90	98	103	13	62	57	248	230	140	184	44	191	115	88	177	92	207	27	170	245	10	141	208	141	10	78
19	4	158	176	201	202	76	109	101	107	159	151	148	127	71	122	178	130	95	65	99	215	145	75	174	194	229	215	185	188	215	133	59	188	44	32	24	21	79	63	207	232	222	96	97	89	56	71	171	217
38	96	169	109	48	116	215	36	58	145	65	208	231	51	79	113	132	121	81	222	186	248	233	51	77	157	40	94	30	60	224	55	31	128	8	114	188	134	27	219	211	51	2	255	251	27	142	78	228	172
113	116	185	109	231	91	12	161	26	254	91	191	139	238	55	109	1	247	2	10	161	93	155	235	99	232	205	49	135	207	213	38	19	230	74	28	119	101	38	168	76	188	177	149	97	108	175	95	15	253
109	117	61	178	100	40	112	6	202	165	38	7	130	160	192	41	36	181	159	144	5	44	87	92	150	136	89	9	215	56	236	200	8	147	56	57	58	92	57	76	85	119	123	73	69	36	209	65	198	145
194	138	203	201	73	120	0	159	172	90	195	72	5	170	44	41	117	108	213	168	217	254	253	201	203	156	44	87	113	135	43	253	97	82	50	121	44	181	231	43	165	250	41	128	107	138	30	229	80	189
223	133	139	55	198	93	170	26	107	115	164	85	90	194	114	177	250	195	113	165	178	214	86	55	89	82	79	182	15	254	106	37	123	2	217	77	128	50	124	118	120	142	177	133	9	15	57	194	91	24
190	16	67	82	179	76	232	245	188	149	45	123	55	69	203	114	198	91	89	235	110	173	82	24	170	88	45	10	35	235	116	13	77	247	213	27	86	244	188	91	250	7	51	34	219	52	197	102	135	10
40	163	205	226	225	255	247	194	204	10	129	151	102	30	152	108	45	106	177	143	40	237	212	44	81	232	218	133	15	169	227	181	46	222	240	140	19	220	9	41	105	210	196	229	173	89	12	107	231	173
133	151	34	65	139	39	177	149	77	3	182	63	243	215	59	74	194	34	71	95	93	93	196	243	153	115	87	171	239	167	146	23	89	62	18	77	163	11	172	237	17	126	188	170	170	241	32	65	64	28
143	224	154	187	205	86	70	250	33	125	207	166	76	87	171	5	225	165	157	180	7	245	142	174	167	132	254	74	93	156	240	39	95	215	11	41	195	186	224	238	45	136	237	135	255	173	92	204	173	115
247	128	199	146	85	10	205	217	121	161	35	221	153	14	227	118	100	196	163	192	128	43	171	13	16	92	175	17	6	123	208	219	35	84	123	234	33	32	113	248	7	190	62	81	99	124	91	119	28	203
113	60	252	202	126	80	199	197	168	114	117	213	184	250	110	154	65	176	197	5	210	232	15	15	25	158	36	0	252	81	0	118	183	217	174	85	199	150	0	166	146	56	206	157	156	64	89	117	162	71
72	196	18	234	245	248	95	112	200	44	107	126	124	155	226	16	137	172	230	60	79	169	62	100	106	4	53	201	240	91	203	237	21	75	210	152	250	100	240	36	73	215	129	154	102	154	125	226	232	131
56	101	173	97	169	106	180	247	39	113	17	150	82	187	61	22	39	134	239	48	218	206	41	236	106	216	63	155	91	123	38	3	227	178	40	237	183	130	221	196	166	154	2	149	7	1	214	69	61	49
46	240	173	157	108	122	7	76	88	95	204	132	114	168	183	62	19	122	244	14	9	41	105	209	220	188	26	41	149	216	210	204	171	128	100	117	25	155	198	19	169	168	52	122	0	210	248	61	121	238
163	217	54	81	57	197	66	108	162	119	179	224	233	253	55	112	45	53	224	2	35	212	167	25	36	154	43	204	139	51	112	39	246	225	84	206	95	110	239	173	117	65	27	109	156	208	175	74	108	21
56	245	21	125	182	35	126	50	167	35	226	179	162	242	41	250	181	146	134	214	158	37	22	74	167	94	46	150	221	64	26	116	157	54	39	44	218	114	191	85	65	160	174	95	20	196	250	250	123	254
157	11	9	50	94	114	152	110	97	199	6	41	254	7	245	89	95	114	231	220	147	231	134	113	159	173	120	0	34	214	188	138	211	58	149	119	123	219	54	139	231	27	222	131	75	46	183	51	58	103
86	77	50	140	46	140	187	183	187	213	121	236	191	113	109	22	5	81	50	200	205	201	33	124	42	231	201	196	221	222	48	0	73	7	21	242	136	229	97	10	243	198	112	106	138	52	232	24	119	230
66	166	146	166	237	0	109	176	95	146	10	101	109	3	248	245	100	224	92	254	148	222	219	127	104	197	132	127	186	80	239	135	249	99	92	250	78	86	149	89	47	220	191	1	86	138	46	179	115	229
128	34	229	14	225	98	243	170	84	135	19	213	173	111	117	101	208	51	24	83	154	158	82	102	146	25	99	34	147	123	209	147	59	32	79	0	83	207	48	46	56	67	22	11	111	182	117	97	229	116
148	241	119	198	235	76	65	7	7	63	220	187	119	128	180	218	168	146	140	165	52	216	244	175	201	118	134	15	200	187	13	83	156	97	56	152	134	251	250	161	194	70	22	44	207	78	192	136	196	164
38	205	67	160	185	181	25	179	154	162	124	108	87	17	42	249	179	213	110	164	74	236	156	202	40	140	248	89	81	149	225	162	129	205	242	130	80	30	246	36	139	252	161	199	60	29	192	221	198	80
7	50	187	244	24	89	125	165	215	83	120	219	68	142	157	243	207	112	192	197	92	98	131	30	102	174	164	237	159	10	167	161	127	68	244	237	162	225	105	147	46	120	154	80	48	5	242	54	203	100
59	57	210	165	129	193	177	168	254	155	19	213	226	56	185	134	128	88	101	30	56	77	131	158	82	169	229	96	121	223	194	121	91	71	87	85	17	172	48	227	113	124	171	69	10	164	0	48	208	51
140	94	128	106	145	230	72	117	121	142	38	87	90	180	169	204	251	229	18	221	146	8	91	11	217	84	195	70	137	110	123	170	216	12	155	226	207	40	212	43	42	142	148	88	236	155	116	165	78	158
97	26	20	14	120	107	250	180	198	136	187	178	138	198	92	25	110	6	89	51	70	158	133	118	18	177	84	125	236	162	30	124	183	17	56	107	9	185	216	85	183	237	225	95	172	207	203	158	127	239
77	145	36	196	179	8	168	216	59	105	89	174	66	139	218	142	19	233	121	243	64	147	207	53	32	111	193	248	133	215	59	34	197	43	121	89	248	103	138	116	205	49	4	233	109	123	28	94	219	53
196	47	100	20	255	254	166	214	80	246	84	210	6	220	241	187	201	91	78	113	19	148	91	21	135	150	132	146	192	28	123	232	216	188	176	127	95	63	240	8	174	248	120	208	32	43	55	246	19	155
167	142	175	81	39	13	186	7	41	51	89	74	116	8	33	117	69	57	153	26	242	232	192	198	82	32	86	190	125	248	56	234	176	213	47	50	0	163	55	26	205	79	127	98	163	211	66	60	90	251
103	158	15	195	103	112	6	72	155	114	3	128	123	1	159	65	189	98	139	32	178	233	114	33	75	110	172	238	102	142	123	95	245	233	146	162	82	220	185	26	229	185	140	186	129	252	170	209	192	28
26	102	156	42	109	32	193	47	140	127	155	172	126	25	54	72	235	250	248	47	255	9	139	80	17	142	114	41	130	198	94	244	178	160	36	231	98	80	11	247	14	39	0	34	35	0	0	104	170	234
71	112	188	235	40	247	240	3	56	77	87	232	6	170	87	177	57	186	42	44	89	82	82	185	151	32	212	115	47	132	248	39	37	69	206	118	93	102	90	204	25	232	103	105	51	12	46	14	92	187
142	237	247	133	132	171	129	173	226	104	223	58	37	255	167	63	61	143	234	40	63	44	133	88	163	0	111	105	215	168	48	92	174	113	137	189	245	176	248	146	45	116	48	129	104	147	152	122	62	219
159	225	166	241	192	236	66	152	184	139	223	242	116	88	204	251	23	142	100	62	109	137	207	129	176	112	127	127	60	197	101	199	216	114	158	51	87	174	199	251	223	200	22	225	218	235	196	200	125	213
140	251	105	250	166	113	2	163	221	178	85	84	160	174	248	198	16	163	61	55	92	54	205	222	108	44	68	110	124	184	68	167	46	163	59	193	248	75	6	102	70	56	233	160	160	194	58	26	36	138
214	201	120	135	88	143	225	54	41	174	10	99	210	113	63	35	12	130	245	17	164	210	254	119	183	94	14	80	114	230	74	246	61	217	210	137	189	110	49	149	225	179	67	236	58	245	100	17	196	8
23	188	254	91	83	128	160	2	11	163	139	237	28	73	113	222	232	143	116	179	119	88	96	62	160	69	7	139	129	249	172	225	18	44	86	0	54	131	12	154	149	81	21	157	154	253	60	181	68	49
7	126	201	249	244	169	238	220	53	115	103	197	41	124	10	163	109	118	40	86	78	53	171	146	15	104	211	111	46	119	183	59	70	197	122	66	109	117	153	44	44	211	180	103	192	231	249	173	74	190
131	5	40	37	70	233	102	87	132	194	191	215	220	223	93	110	240	154	21	240	95	105	207	5	48	130	243	199	147	1	42	214	174	0	249	28	120	17	52	248	211	141	111	214	58	212	13	201	11	215
37	54	85	116	76	35	78	81	203	23	125	165	8	126	115	95	150	233	110	56	240	209	192	49	162	126	93	114	160	128	194	201	70	243	246	236	26	38	28	176	186	251	181	106	147	198	40	63	131	215
35	146	198	89	11	106	184	127	33	6	226	27	188	222	151	79	164	68	88	213	216	126	220	44	232	227	203	87	34	122	105	237	139	65	228	254	67	219	3	164	202	131	119	251	131	69	46	54	179	54
5	228	167	93	93	160	254	116	134	179	190	89	24	93	133	253	104	19	22	163	194	78	241	6	158	70	29	117	160	170	40	23	244	169	65	66	70	73	205	133	220	213	228	157	93	217	143	146	216	207
215	120	225	134	249	46	252	176	187	166	22	226	191	172	221	138	70	222	198	162	170	76	168	48	121	141	101	164	233	132	252	162	17	95	8	68	20	68	150	187	4	42	96	129	4	140	17	168	28	44
41	53	86	61	175	134	226	149	33	221	40	173	96	135	204	16	160	87	177	131	146	115	51	74	213	124	82	146	181	86	189	79	47	197	90	21	8	38	240	97	254	108	96	119	189	68	237	60	25	66
49	135	83	29	115	253	211	56	5	57	230	39	193	211	181	226	231	235	205	60	73	57	225	236	149	127	22	38	52	41	224	27	136	50	18	161	91	93	197	208	152	26	151	41	248	81	3	130	147	16
78	42	67	117	99	90	131	189	224	238	177	151	246	234	19	114	212	184	53	244	136	82	62	83	219	46	40	52	48	89	61	207	254	239	188	163	85	136	70	197	229	240	237	212	17	93	106	190	99	80
56	234	111	226	224	36	105	182	37	143	166	42	189	17	218	189	95	19	112	249	68	71	164	254	185	128	251	166	141	87	174	231	3	227	231	59	150	180	5	21	115	172	100	116	199	154	219	93	119	214
244	168	119	35	202	202	211	105	248	43	194	23	196	78	53	241	228	99	49	233	156	130	241	140	89	15	160	189	174	205	55	107	212	130	43	118	107	25	184	172	133	121	201	31	48	166	243	16	215	66
