236	239	219	1	85	151	41	63	144	200	238	33	49	18	66	110	55	244	169	241	67	118	11	177	121	62	81	136	191	62	133	185	77	13	251	210	60	205	19	14	60	202	119	209	198	55	197	45	151	174	199	98	233	48	219	51	62	196	64	129	20	132	190	252	247	202	180	82	104	231	181	243	238	34	68	82	96	4	129	106	40	61	245	92	36	210	220	126	206	202	15	63	33	211	177	32	237	115	66	29
122	244	156	197	143	242	208	238	55	123	110	142	230	70	125	55	134	113	4	172	118	139	202	120	221	119	98	207	249	164	196	247	68	190	74	218	29	204	215	69	147	93	180	187	227	156	58	175	204	17	153	55	227	22	197	202	188	100	140	90	7	91	38	66	157	8	114	177	41	142	253	99	162	231	223	61	28	214	180	12	129	249	54	150	255	125	115	31	103	208	58	160	125	118	188	191	71	46	118	95
102	96	33	202	14	203	2	100	102	2	83	83	199	49	205	172	142	85	36	12	26	228	186	99	59	116	127	73	67	207	126	139	174	40	84	23	159	212	168	16	102	53	98	166	142	10	218	46	102	62	218	205	185	212	106	176	127	46	172	17	216	2	88	161	144	250	141	9	161	180	39	213	28	133	21	101	9	207	95	90	171	28	151	124	129	226	69	9	207	86	69	229	35	165	165	230	231	126	155	81
202	149	164	208	211	138	18	114	62	129	85	73	134	186	146	17	240	162	138	137	209	194	173	28	66	4	220	176	188	176	233	184	244	83	134	17	218	214	26	80	114	88	74	129	196	213	127	222	10	122	153	202	78	96	197	243	182	4	189	199	67	2	129	58	136	83	224	22	209	150	36	218	89	232	112	251	94	147	78	4	123	8	251	155	145	149	173	236	46	167	6	15	34	106	105	122	52	74	212	54
193	107	157	64	26	32	111	69	208	253	224	64	199	29	65	243	120	158	1	37	142	65	141	57	107	64	151	148	52	75	231	138	109	39	74	94	199	91	208	52	249	210	69	18	114	125	168	69	103	14	34	19	89	241	144	53	56	153	147	233	14	0	136	239	108	190	7	100	107	245	80	217	192	247	4	145	112	135	14	230	99	221	118	185	65	38	3	95	221	152	24	254	46	120	189	155	22	18	162	157
176	55	26	123	115	113	237	220	51	60	250	139	208	20	246	23	169	75	7	181	24	213	161	133	46	56	181	153	84	17	221	41	75	158	239	149	177	126	4	102	184	67	145	233	250	148	93	219	31	255	74	203	48	243	163	183	164	216	114	144	18	9	158	242	147	54	34	177	64	188	189	4	194	64	177	155	240	175	189	183	103	155	19	86	195	195	92	63	144	252	181	87	128	84	183	244	146	56	238	11
17	122	155	36	196	197	142	227	220	177	9	9	9	187	102	219	105	107	190	177	165	167	103	160	77	89	66	7	233	77	163	67	37	252	3	222	234	49	143	233	32	100	125	245	14	20	45	191	36	214	43	67	156	163	230	248	50	39	211	211	198	191	217	2	235	5	255	161	25	57	166	254	140	55	101	154	104	160	50	126	182	60	181	173	21	250	64	24	155	167	111	67	80	98	74	136	212	61	117	4
233	98	13	102	68	211	160	160	147	167	197	145	64	175	230	171	190	87	84	194	253	69	5	25	96	216	225	136	201	130	187	32	120	211	106	132	19	202	0	194	243	43	7	187	204	215	60	141	167	239	191	91	10	11	142	36	255	53	74	22	169	32	68	199	21	224	110	216	216	44	80	35	32	43	82	105	91	141	23	107	226	132	59	60	247	169	228	155	138	0	110	178	99	251	180	211	109	59	116	215
24	176	185	149	198	142	35	18	159	185	71	243	140	212	132	241	22	14	97	203	187	127	237	23	121	174	228	55	251	207	16	111	70	243	19	201	117	28	196	121	254	154	42	64	95	25	139	198	248	133	165	134	11	157	171	195	111	92	141	207	188	161	188	17	128	185	66	139	165	44	56	177	33	14	0	68	40	176	230	130	148	253	54	121	119	253	206	212	142	33	215	94	213	219	62	223	131	172	16	82
211	251	107	77	130	105	0	245	169	226	172	240	70	190	215	179	189	85	237	33	128	59	19	105	250	181	177	221	248	217	221	119	219	236	234	127	94	208	31	230	237	101	117	173	221	55	105	153	224	224	128	5	157	44	235	54	161	200	52	40	203	78	164	143	234	114	2	17	200	224	157	183	253	103	235	57	217	181	110	122	39	238	236	4	32	116	101	200	170	8	51	127	129	135	103	7	182	134	3	66
214	160	63	27	157	15	132	175	11	78	11	255	197	4	158	86	213	231	42	155	194	195	51	87	139	26	40	165	67	150	212	174	189	156	209	161	119	164	234	244	144	134	191	114	117	151	112	115	153	246	220	75	181	112	74	177	5	182	6	90	83	153	152	159	105	221	91	130	51	49	153	251	38	21	26	65	235	126	105	238	157	47	3	224	141	2	72	181	195	198	56	84	120	60	175	33	230	46	210	192
38	163	140	81	218	134	133	143	133	98	220	248	12	134	25	138	241	1	6	92	153	4	189	202	59	135	138	62	130	62	198	150	107	86	18	228	59	117	203	194	89	22	123	125	138	87	255	215	220	248	63	83	1	232	133	147	187	32	176	100	108	218	231	195	131	161	18	52	93	132	49	246	137	149	30	115	251	92	173	156	180	99	171	240	171	253	193	117	7	185	250	68	201	126	41	110	172	191	51	156
153	18	72	213	36	92	251	101	76	130	57	64	246	112	11	225	141	169	110	16	211	205	83	60	41	34	32	1	163	54	59	113	128	244	76	220	95	13	102	140	234	104	45	211	38	109	144	190	154	197	252	125	73	38	105	92	35	243	172	20	106	6	239	157	195	135	127	210	156	86	120	37	102	146	128	225	204	120	213	187	188	7	90	25	233	229	41	156	212	222	186	2	248	176	167	232	48	155	172	157
91	16	253	36	167	226	136	222	122	177	53	183	126	117	245	36	167	166	71	239	139	243	10	250	23	155	246	202	25	211	79	25	177	72	57	123	29	215	165	117	81	23	149	231	118	68	187	37	195	175	141	255	93	223	186	81	1	2	90	174	229	62	71	1	154	165	66	182	248	130	241	43	63	107	9	171	221	63	134	179	88	96	138	38	229	170	122	200	204	204	121	29	57	122	75	45	216	38	114	149
182	149	145	175	9	16	165	152	121	111	73	138	204	85	8	199	137	204	87	94	176	40	12	237	90	132	123	113	64	216	63	54	209	205	64	219	35	50	131	27	70	216	129	199	200	28	211	117	170	45	54	42	156	133	171	218	47	144	112	224	185	35	236	21	89	69	140	59	15	178	233	3	239	121	148	37	15	190	77	181	120	57	51	43	177	185	99	226	205	9	89	1	74	194	88	52	208	6	42	138
108	30	38	59	183	42	248	70	3	78	21	236	197	195	16	75	162	145	181	144	200	2	203	79	164	13	208	152	19	85	235	148	67	212	118	136	139	231	243	45	236	51	171	241	136	230	26	109	155	105	30	205	177	216	91	185	129	160	1	164	205	176	192	77	59	193	57	74	247	80	171	230	22	156	6	108	254	181	61	30	18	17	248	203	209	179	242	37	74	43	178	107	89	250	143	160	184	43	114	154
11	156	34	38	131	229	234	131	2	145	23	188	217	109	21	1	167	37	66	41	12	124	187	233	119	141	195	115	240	141	178	223	250	123	185	164	82	102	53	46	227	174	57	213	29	234	252	37	60	41	134	225	70	53	35	72	191	73	27	47	70	161	206	218	17	234	78	209	10	153	23	79	91	80	139	237	63	141	168	68	128	97	191	130	159	187	60	250	120	206	25	174	9	90	194	39	184	226	224	179
207	130	114	216	184	173	83	126	24	1	105	116	214	121	59	83	166	85	64	237	51	82	210	186	212	170	123	249	172	150	94	69	28	232	72	65	172	179	232	165	167	11	195	141	188	146	248	4	178	93	127	220	187	246	239	131	21	195	56	132	12	117	179	128	241	97	174	199	7	198	53	69	60	60	0	109	40	149	21	135	114	170	1	117	129	132	33	115	110	168	101	6	198	68	209	74	148	128	26	218
157	163	216	39	13	255	74	145	188	228	138	70	139	180	167	237	62	111	253	168	250	149	168	43	79	80	71	204	148	57	179	176	165	146	17	53	208	22	219	34	36	219	168	75	145	101	81	38	162	245	30	61	7	121	204	216	35	51	89	179	119	253	156	134	111	190	167	120	190	7	180	104	32	253	26	50	67	213	204	110	40	203	206	10	59	11	92	163	242	116	185	112	220	145	206	7	230	79	143	122
2	55	27	101	236	80	158	185	227	183	188	7	255	42	225	249	189	115	81	181	241	83	241	65	244	90	47	164	9	67	138	84	126	138	110	223	127	176	171	223	220	2	252	76	140	226	187	228	162	43	205	104	140	109	126	43	88	149	77	240	204	122	186	252	126	125	236	102	154	166	203	28	197	175	186	127	187	59	122	141	191	148	178	103	62	195	81	59	141	58	75	77	140	94	130	141	184	146	114	222
74	143	95	201	110	45	133	176	222	12	138	32	245	123	59	39	86	209	245	247	97	240	125	213	67	206	134	229	115	217	182	21	237	141	190	80	82	242	101	145	191	132	101	242	206	55	57	248	140	217	229	116	243	235	229	151	36	165	149	178	178	165	69	76	166	225	22	42	238	18	198	109	91	94	60	185	192	14	64	16	245	178	207	114	229	169	123	221	106	42	120	141	165	13	31	215	125	252	76	131
28	149	128	125	6	64	9	116	217	204	174	151	201	176	126	216	214	200	141	127	49	1	176	198	14	7	74	72	174	30	2	33	152	102	102	170	99	115	164	111	84	227	61	98	123	30	44	53	172	133	180	218	171	127	129	77	40	110	226	145	74	82	29	13	162	152	103	44	232	30	86	84	6	181	191	2	13	44	56	130	252	92	67	211	101	5	59	209	227	99	196	88	255	157	9	187	10	150	2	14
209	210	72	123	198	226	43	78	117	14	99	156	12	36	61	15	221	23	171	230	191	204	41	139	133	78	64	112	64	208	19	119	167	134	36	233	235	56	75	243	1	25	252	82	113	99	86	208	128	174	96	136	164	120	85	203	245	124	93	185	72	221	47	97	167	30	193	86	18	68	53	121	229	139	96	207	101	134	249	79	12	118	2	196	148	4	136	211	215	64	2	2	31	13	209	65	208	53	13	200
155	140	252	101	105	85	65	185	203	161	216	91	149	106	143	205	26	129	107	86	181	13	81	115	53	135	75	246	228	10	14	52	152	11	199	22	12	120	92	135	215	63	93	121	111	64	229	183	124	151	20	190	145	164	235	163	98	107	87	179	84	54	108	14	197	159	176	173	68	39	93	163	201	161	224	30	145	222	224	13	181	204	135	208	7	183	80	63	125	111	177	209	42	223	78	154	248	237	87	79
109	5	197	17	248	202	202	79	126	113	11	61	166	42	79	181	36	118	60	161	76	235	255	19	239	212	90	160	96	145	86	182	220	14	96	86	196	119	5	14	243	150	253	78	251	202	101	152	117	69	135	152	70	94	23	170	142	67	29	233	18	125	103	33	137	45	27	34	117	100	227	246	208	59	132	37	159	70	162	65	44	244	153	59	92	217	173	199	193	142	12	190	122	197	78	231	95	26	254	220
11	90	55	150	10	98	249	142	91	100	217	130	128	91	229	78	150	202	187	90	245	26	61	127	184	247	217	97	179	151	52	106	239	171	69	161	72	24	63	199	165	73	172	114	189	39	144	147	76	47	127	40	168	239	93	246	118	164	61	111	218	117	125	173	157	81	108	212	186	5	188	180	172	140	180	223	207	169	39	4	56	34	58	126	101	56	219	162	53	136	52	173	7	66	64	86	10	24	128	131
150	129	193	9	166	238	207	241	188	113	148	242	197	108	8	64	150	11	89	83	98	87	251	219	159	230	45	179	81	231	139	181	8	213	244	150	157	65	229	135	4	130	89	166	98	194	81	45	70	240	95	68	197	247	0	128	122	163	249	122	248	39	76	61	163	49	72	202	103	181	90	207	51	227	153	37	164	184	217	189	229	89	183	235	15	242	173	58	66	57	211	141	134	228	199	229	151	201	157	35
202	201	132	225	150	236	220	254	70	136	187	34	97	176	16	161	43	140	59	25	167	83	8	107	16	225	150	108	240	195	233	231	45	158	22	111	222	135	205	46	247	197	122	98	184	82	60	225	246	0	238	49	13	140	25	6	209	239	17	131	31	30	88	242	160	247	229	72	108	168	235	162	104	182	130	140	61	214	26	63	242	214	72	129	132	50	196	74	25	172	46	23	206	5	78	184	138	252	210	255
159	38	20	31	83	63	156	39	35	140	157	79	121	12	27	231	235	70	82	51	153	57	81	90	106	55	39	28	19	228	230	154	43	93	16	107	18	140	81	127	113	30	9	186	71	57	54	117	174	23	161	247	89	150	14	24	15	245	62	219	111	18	64	196	94	47	123	229	13	5	36	226	235	235	178	100	7	102	203	241	32	240	240	46	225	165	98	173	69	7	127	243	196	38	116	189	166	246	100	222
8	142	103	161	12	119	143	157	189	52	243	56	75	52	239	123	93	209	24	218	65	177	243	219	183	20	170	163	49	13	254	171	221	215	11	26	35	46	227	85	72	93	83	117	53	160	130	149	200	21	1	165	71	83	198	249	184	172	200	94	223	197	40	30	66	135	15	157	21	53	27	85	196	35	199	166	36	207	239	120	68	133	211	29	119	74	59	171	141	223	211	219	160	45	166	189	187	90	137	215
212	0	65	154	113	162	38	124	142	243	60	159	5	131	229	224	152	83	46	21	217	166	93	64	216	116	212	201	46	109	174	136	219	234	165	216	159	251	157	84	241	71	88	241	216	157	251	184	75	79	21	206	219	73	198	53	242	71	92	224	149	193	164	40	29	225	107	71	131	90	33	232	205	128	59	102	6	75	199	143	71	42	66	88	13	63	71	109	253	150	177	59	112	49	36	5	123	119	232	87
170	244	71	186	197	110	184	115	17	138	70	144	157	143	24	5	190	19	117	79	88	206	110	157	135	115	174	144	14	194	219	242	234	81	38	29	227	236	49	226	169	189	231	59	69	9	187	43	166	192	236	213	217	253	20	164	180	136	191	138	169	135	37	223	54	158	122	133	26	233	173	43	39	235	119	252	124	241	161	132	172	207	224	165	149	127	155	63	110	201	26	1	88	43	75	173	149	166	246	92
128	188	107	98	255	252	229	131	20	197	150	46	114	73	113	175	246	88	158	27	175	94	142	58	118	42	57	40	197	165	144	97	61	119	12	14	148	83	200	187	203	91	61	176	3	143	20	171	142	57	225	229	86	217	212	212	38	60	69	236	83	127	221	213	191	197	236	75	160	115	165	245	146	42	54	139	103	14	204	31	7	89	222	97	240	250	121	133	224	7	148	5	144	40	225	29	74	97	212	238
179	183	147	33	212	85	25	78	150	104	145	76	33	84	46	128	6	125	233	203	174	175	53	235	59	227	69	117	216	43	131	68	117	179	216	223	202	222	35	249	67	18	153	232	143	38	205	36	12	114	24	134	182	242	247	97	222	66	136	224	140	71	235	175	152	4	7	106	201	202	15	155	166	46	20	184	98	9	55	150	96	160	51	148	102	227	84	73	115	145	234	89	83	2	130	123	246	67	115	180
190	164	90	95	163	35	78	120	161	101	53	64	10	105	86	112	93	84	203	132	36	182	106	247	17	207	230	11	17	84	59	147	169	183	218	25	105	143	118	120	115	90	18	113	240	200	147	96	155	222	40	90	34	189	143	84	45	214	137	215	86	74	248	92	182	72	51	8	12	115	160	162	193	105	37	255	233	179	130	80	73	90	236	204	72	179	175	103	90	253	222	25	141	20	111	153	250	162	243	58
46	172	117	76	26	72	7	131	43	80	46	15	57	27	175	141	179	32	40	144	29	152	162	75	164	30	38	122	217	144	170	103	104	40	141	11	43	205	49	42	54	124	244	201	251	87	179	0	140	52	84	236	36	94	5	65	5	78	173	49	187	255	116	190	203	235	252	50	76	239	124	100	70	206	228	15	248	232	153	177	86	251	148	166	65	251	77	28	135	146	191	124	126	32	197	141	28	103	250	88
177	54	88	243	41	215	86	199	51	24	164	46	9	64	207	22	84	32	231	215	185	36	50	34	110	242	241	217	120	110	66	67	230	236	103	155	150	116	155	11	186	113	111	154	94	88	13	41	221	68	218	87	107	141	88	94	105	157	187	76	204	220	152	50	131	53	226	235	233	220	32	222	67	27	87	210	64	173	200	113	234	10	222	202	231	255	209	196	64	20	195	26	62	169	159	125	18	182	144	242
114	215	58	148	26	105	248	140	0	198	99	5	162	52	243	159	29	78	130	183	172	112	178	113	208	159	191	150	132	26	169	204	221	175	187	103	246	57	81	191	32	0	245	207	97	103	57	99	238	81	103	104	87	225	85	198	10	70	172	214	33	24	79	9	10	101	2	156	200	131	174	159	124	127	38	68	47	237	104	164	210	68	134	67	118	102	137	225	167	185	88	163	76	75	31	65	178	193	141	146
196	60	62	142	165	167	203	244	98	31	35	168	35	67	32	86	172	224	197	204	149	124	39	229	122	132	94	128	46	154	129	195	18	148	87	72	195	13	34	119	244	57	237	162	180	16	216	138	243	51	145	139	4	219	9	229	191	66	202	234	113	134	21	185	168	94	113	96	146	175	102	165	85	210	164	232	148	94	232	185	157	86	162	35	10	35	130	201	4	255	219	119	153	111	2	71	201	125	129	30
194	220	248	128	9	70	92	107	255	138	213	16	178	244	204	115	201	53	42	178	211	37	35	151	22	149	51	45	178	11	116	223	171	235	87	193	39	151	242	215	214	117	248	24	234	79	37	213	149	206	137	98	88	141	125	117	190	40	181	116	115	118	168	142	241	178	97	2	247	159	176	118	226	213	216	18	247	243	160	238	240	73	249	66	46	117	220	189	220	13	155	220	17	29	125	225	12	55	64	30
39	201	119	8	189	160	215	126	41	99	84	136	188	68	14	159	226	9	143	13	180	47	237	196	206	167	44	113	42	21	72	94	13	167	136	91	250	233	149	96	206	82	14	112	35	199	218	146	5	203	114	166	206	220	201	90	126	100	229	212	195	29	198	35	108	96	214	229	183	171	152	175	241	246	191	133	144	186	223	53	210	83	200	143	239	38	26	12	146	143	82	155	224	77	74	222	6	236	75	239
167	240	187	57	178	127	83	119	234	203	45	151	79	92	224	239	49	129	41	79	79	211	152	242	108	9	120	121	117	106	124	48	41	114	57	14	251	122	137	236	42	230	205	232	197	160	16	126	89	62	163	6	109	115	97	85	58	78	180	197	141	217	3	208	232	199	14	100	65	12	190	180	97	202	237	4	36	115	151	237	17	99	224	197	34	138	14	141	23	58	28	49	138	68	19	19	186	5	131	25
206	157	159	242	106	93	64	129	85	78	195	184	241	106	131	76	10	140	244	117	232	163	218	118	148	41	62	47	193	27	1	140	209	114	67	52	18	26	175	38	130	3	92	236	23	237	243	143	188	186	118	73	47	216	12	84	193	66	27	247	169	111	29	249	131	24	5	179	88	160	96	60	184	167	227	186	71	27	165	44	66	190	105	223	248	78	156	3	19	215	218	55	152	84	93	116	98	106	55	129
112	42	50	39	133	239	122	248	163	74	44	236	123	207	43	176	95	123	84	254	193	110	44	161	227	0	214	221	62	34	204	253	147	217	113	4	55	31	143	183	114	63	89	255	109	230	15	118	235	165	153	197	202	128	219	41	86	16	146	103	202	45	44	106	99	0	218	158	152	240	7	143	151	117	130	124	157	7	63	211	179	214	86	7	121	246	156	193	118	72	189	182	199	243	62	40	124	60	116	182
116	109	144	22	51	205	253	254	188	42	239	138	2	118	89	172	172	168	204	125	99	236	181	10	110	55	20	145	67	9	242	20	62	166	175	141	239	32	53	178	220	8	88	174	94	183	66	222	106	49	55	56	201	227	153	236	83	212	132	182	13	207	240	230	53	216	31	255	206	232	106	183	169	255	211	170	47	131	1	249	251	30	174	73	148	135	243	19	78	15	155	77	167	141	202	125	8	165	59	50
18	199	170	184	185	11	60	232	14	208	240	147	234	144	2	49	236	40	159	33	163	230	124	119	22	40	106	7	202	204	232	172	169	63	160	184	81	154	100	64	201	242	151	10	179	129	27	65	132	37	176	141	249	91	240	60	116	83	59	124	39	200	84	79	131	145	56	139	141	23	25	143	193	248	102	196	232	4	83	176	183	110	236	35	78	201	18	166	106	131	164	166	140	113	161	200	233	18	75	235
131	119	41	178	129	248	114	19	252	137	78	160	137	122	141	182	138	70	84	108	229	207	20	236	221	135	164	220	197	74	2	203	131	249	96	254	248	80	59	243	105	93	78	31	17	76	124	167	209	17	146	76	234	120	41	111	34	18	7	38	10	168	217	129	105	250	115	109	209	241	174	225	210	241	56	59	162	185	116	226	86	22	40	217	49	174	78	46	79	185	192	73	234	213	216	97	170	53	244	53
126	67	42	131	172	30	115	226	29	155	180	186	113	73	112	102	131	226	169	186	99	210	42	12	43	142	4	233	71	248	30	79	73	39	200	244	28	50	164	252	57	60	238	52	62	85	17	36	214	170	35	233	198	105	48	51	89	63	49	109	158	107	220	68	108	214	218	41	188	226	50	71	202	24	225	243	73	160	231	140	161	26	255	201	35	117	197	155	238	183	200	250	129	6	101	144	159	216	226	251
113	124	219	211	58	174	161	20	105	29	85	47	151	135	228	174	85	98	51	224	120	151	42	148	77	87	76	208	202	98	243	107	51	112	165	122	114	10	126	192	120	98	204	179	125	161	106	160	54	106	49	138	244	198	229	136	119	175	81	173	35	82	181	4	23	64	241	107	127	126	74	116	138	98	165	38	229	241	94	236	95	27	14	15	69	207	25	222	200	110	102	210	245	116	172	249	30	49	132	159
103	116	248	217	24	47	221	81	39	252	163	131	110	55	254	205	57	0	231	140	237	1	162	134	78	64	180	89	56	123	113	238	211	233	228	82	169	7	167	122	82	93	94	32	231	102	102	246	235	81	45	155	216	1	161	160	27	220	49	98	26	0	3	223	29	114	11	217	241	0	226	141	234	155	88	60	160	178	142	120	201	216	217	61	139	247	226	217	221	10	53	209	210	225	226	105	30	78	11	170
45	59	128	188	43	166	168	179	47	215	207	122	217	167	137	46	200	183	29	43	161	152	2	133	83	0	222	251	253	202	123	149	42	80	127	176	194	205	55	44	58	156	210	47	246	161	194	147	252	140	194	88	100	15	157	120	207	48	244	115	23	168	135	41	160	65	92	76	220	56	203	194	9	165	228	34	228	109	168	21	112	219	91	118	20	192	93	204	138	98	90	80	253	8	191	103	13	52	249	172
215	5	87	29	170	216	107	134	69	70	49	226	176	173	16	21	251	84	245	71	96	128	160	193	231	7	12	219	12	241	166	204	175	77	211	47	45	158	222	63	219	215	200	179	54	43	182	8	151	96	164	138	115	244	55	152	170	226	78	158	145	85	178	11	83	178	248	52	238	237	165	13	85	251	78	250	223	82	53	171	104	51	205	235	115	154	153	228	70	40	155	117	203	121	6	31	208	240	148	175
51	85	7	198	92	43	132	16	73	214	28	38	84	161	245	180	194	17	192	192	31	29	173	15	1	137	216	137	206	73	238	149	30	218	214	184	211	220	178	241	66	249	45	155	141	127	86	120	19	145	246	77	6	32	148	126	18	207	104	225	75	82	115	180	138	1	115	74	205	251	224	167	154	117	126	4	221	211	120	247	46	74	195	3	81	72	183	238	229	37	213	111	37	137	90	44	124	167	217	134
208	107	235	179	249	249	28	252	30	185	97	49	87	229	81	209	81	67	187	251	57	56	226	179	37	228	53	167	124	80	68	27	141	129	124	88	82	23	161	38	213	215	171	13	250	77	214	116	85	227	216	18	252	255	55	77	9	88	157	228	195	175	184	35	210	177	12	130	193	185	13	41	202	33	255	46	95	167	93	165	154	249	13	2	198	221	149	128	113	17	249	66	61	113	244	84	84	112	10	163
83	53	25	234	108	251	237	251	43	227	250	180	212	125	215	94	178	255	186	128	78	254	12	2	215	114	232	105	171	194	204	23	187	121	193	128	209	57	11	242	193	178	18	116	71	212	80	148	13	203	145	153	251	43	181	236	103	14	24	182	106	46	62	44	31	34	88	13	204	66	198	81	230	145	234	235	25	189	56	213	128	136	182	115	80	52	32	54	169	187	38	120	202	150	172	133	87	108	134	69
173	213	128	100	160	177	22	36	112	73	66	183	123	26	5	51	178	84	10	40	254	17	89	0	246	172	64	142	233	45	84	9	59	210	115	91	29	245	174	181	124	95	1	90	47	72	48	187	92	59	83	29	152	121	33	82	69	46	105	65	53	215	65	18	248	184	232	124	116	52	205	86	19	5	18	106	24	165	23	251	161	46	214	231	51	101	101	20	203	240	123	210	177	147	28	138	211	107	195	17
202	135	89	117	91	187	161	21	181	197	192	123	20	200	177	188	152	9	221	174	185	73	4	125	200	194	194	181	102	192	196	94	122	227	196	63	93	41	35	47	51	229	188	22	31	144	52	92	220	222	79	120	162	174	163	202	101	177	60	153	206	249	242	197	27	61	105	171	45	176	185	222	59	129	47	109	107	159	172	246	191	226	65	253	121	251	21	183	207	11	20	79	118	98	131	201	141	104	73	57
130	163	47	253	126	83	59	183	235	64	146	12	75	181	127	221	147	132	77	120	155	72	177	157	188	173	207	213	228	206	149	110	12	120	228	19	115	131	191	53	107	227	40	192	109	132	225	150	252	141	179	180	210	55	159	74	73	137	97	184	198	182	154	193	11	189	29	35	241	210	243	213	157	241	29	10	249	44	42	122	114	116	78	117	207	222	3	186	231	49	19	103	195	135	136	129	181	215	54	233
229	183	138	176	56	4	75	129	131	115	180	248	191	113	160	183	100	52	123	60	45	187	1	121	61	178	212	27	214	6	108	140	107	208	235	172	92	100	191	45	227	115	23	74	68	218	134	155	52	113	61	144	86	201	76	230	130	215	184	47	44	57	67	204	82	215	83	109	127	99	108	57	197	208	179	60	91	23	44	130	255	175	29	99	94	97	54	104	228	174	157	143	208	27	120	59	207	134	59	127
230	218	78	159	104	53	237	58	49	193	44	89	226	80	85	220	169	28	33	122	236	57	225	224	195	75	170	186	18	118	3	60	119	207	5	169	74	226	40	23	108	46	69	72	189	1	202	204	56	47	71	99	91	230	164	87	28	52	53	156	170	86	238	12	169	145	126	90	193	173	78	48	145	40	124	72	100	5	73	23	226	83	55	255	221	210	226	90	245	14	193	62	178	190	134	174	84	56	176	236
238	184	23	181	76	118	127	210	5	45	111	134	107	85	162	132	31	171	36	167	225	128	51	1	59	29	198	99	161	6	233	114	128	193	35	200	14	36	2	96	96	43	223	186	255	31	95	65	77	94	79	119	219	166	106	236	81	139	112	202	204	150	109	45	30	244	227	104	208	110	172	172	237	224	230	168	83	53	245	197	112	86	139	245	54	142	142	89	60	153	255	215	81	84	249	122	243	106	181	70
163	199	183	6	239	16	31	22	159	110	202	115	37	6	10	72	141	224	15	50	174	99	105	183	230	16	11	178	115	142	252	222	124	112	111	99	204	30	250	173	64	153	251	180	39	132	153	210	202	52	131	118	183	46	106	254	203	34	70	58	248	11	174	230	98	212	35	80	156	189	108	14	180	255	20	66	43	38	222	30	23	192	171	7	67	216	148	49	240	40	212	43	133	58	31	181	46	40	178	232
38	223	192	255	48	172	114	142	243	41	159	9	199	224	103	129	75	107	201	251	139	62	126	75	174	112	5	190	190	67	157	6	144	210	125	26	124	106	60	126	135	107	184	16	169	241	203	222	94	135	197	137	91	234	183	172	38	228	1	137	74	95	143	113	212	111	1	18	159	244	161	115	102	112	156	202	209	224	65	176	86	47	111	199	73	94	16	116	164	153	240	140	18	136	80	42	146	215	91	123
126	191	45	101	89	72	106	205	174	87	241	134	97	241	68	217	120	189	108	96	85	149	76	111	5	49	104	49	119	50	218	196	251	144	199	4	141	7	119	48	123	103	203	27	79	224	254	22	16	122	107	119	154	194	106	254	82	93	132	249	44	133	89	76	238	165	226	233	120	12	171	163	242	34	6	71	187	49	207	220	85	86	195	194	180	155	63	98	36	42	244	236	222	152	196	220	24	97	120	40
141	187	3	186	42	237	213	4	255	180	79	16	144	237	196	146	174	111	170	23	218	248	123	115	248	40	249	205	178	180	251	214	213	226	28	177	44	122	35	213	70	198	205	68	45	54	97	30	184	161	55	217	155	45	80	215	40	254	83	141	144	203	146	24	213	225	167	220	149	156	126	123	148	87	199	53	140	195	186	185	64	139	169	212	110	156	119	71	106	19	195	229	93	228	168	181	127	78	186	86
206	45	188	144	16	226	22	82	61	204	163	27	25	45	180	118	254	18	194	1	76	223	161	84	14	31	88	240	147	208	19	173	237	51	233	252	126	35	171	85	177	127	254	205	183	217	112	12	28	28	143	151	97	4	140	64	37	89	189	17	218	6	196	239	192	237	177	135	90	175	75	194	154	212	10	152	114	247	20	233	10	186	101	149	110	181	95	216	31	126	105	244	160	233	197	21	206	119	251	72
203	185	55	218	153	222	83	76	137	73	247	3	113	128	242	16	32	207	253	122	9	82	134	187	219	126	32	85	235	171	193	194	204	176	24	220	10	231	175	118	103	124	140	89	132	21	10	23	165	173	189	210	33	233	236	168	208	31	241	119	66	112	1	112	166	51	105	151	52	25	211	47	129	166	229	8	142	198	206	55	87	201	151	213	72	169	114	170	62	86	236	124	168	138	107	29	71	121	229	141
11	24	96	219	14	228	94	208	253	163	5	53	245	69	193	172	82	169	96	81	59	19	21	88	160	192	232	81	77	119	242	94	53	149	221	227	43	206	79	81	213	165	210	74	233	167	21	200	51	172	89	76	100	213	254	183	37	236	255	206	48	245	86	9	54	88	107	3	29	143	88	82	152	175	110	88	146	85	229	233	234	148	197	252	11	192	113	75	254	54	69	52	229	220	133	56	255	75	227	254
229	166	217	217	119	203	29	43	211	192	12	188	252	232	140	22	191	142	58	158	21	212	55	101	54	212	66	238	116	77	12	214	118	252	55	193	86	197	207	224	130	24	200	218	100	245	205	191	184	86	114	10	176	132	91	34	140	153	24	246	144	143	28	210	132	250	28	17	23	153	189	6	226	83	187	206	96	199	245	0	229	208	30	51	231	37	212	166	56	212	186	247	174	225	140	150	110	207	182	89
116	196	181	135	146	207	131	157	7	75	43	23	175	145	110	86	138	189	34	20	209	176	147	168	195	204	217	178	104	240	244	236	235	159	53	57	248	95	17	208	193	8	235	116	80	4	130	98	90	20	211	71	80	152	164	214	202	12	147	85	127	116	245	109	172	25	188	190	133	39	150	117	78	219	130	92	30	0	98	36	4	149	54	50	143	159	10	75	128	218	69	19	254	101	250	65	211	36	11	160
69	21	77	101	50	15	230	74	173	100	152	200	241	39	158	72	214	217	83	108	193	48	122	172	147	162	119	24	206	40	121	206	172	213	249	35	201	29	252	198	156	134	24	0	16	222	36	23	33	192	175	110	201	89	226	181	233	255	177	172	9	126	33	66	164	239	108	25	79	95	175	68	81	57	83	57	39	2	50	166	63	112	155	63	137	52	56	34	248	136	71	146	192	46	138	220	55	155	85	156
101	196	102	63	126	192	164	197	254	165	157	184	108	56	231	131	52	153	79	10	7	210	109	63	147	35	157	199	110	119	163	215	15	141	211	26	172	56	74	231	17	208	145	96	15	177	176	245	130	77	206	201	39	14	8	68	1	12	209	211	192	198	174	63	172	13	53	144	68	98	200	48	190	82	144	179	113	240	94	137	242	148	148	236	203	24	53	10	88	0	250	93	179	194	183	33	63	198	218	219
181	93	137	242	202	23	197	235	117	114	83	104	46	157	64	142	35	40	19	114	226	230	73	208	231	126	193	252	30	248	9	117	5	170	72	104	17	91	19	190	137	158	20	223	184	109	183	80	252	53	217	217	14	202	170	107	25	4	120	37	105	227	71	239	72	32	175	34	143	221	17	13	175	246	125	118	50	253	37	19	12	50	69	66	118	149	201	154	96	2	219	185	176	16	33	216	140	88	85	55
231	10	91	13	137	28	97	160	198	24	156	82	47	138	36	142	34	8	163	38	128	115	234	44	236	225	150	97	169	59	72	186	218	12	101	195	92	120	170	69	85	75	106	52	254	103	215	123	161	12	21	196	40	242	106	174	111	62	189	112	134	114	252	136	61	9	67	36	189	83	228	74	151	253	151	8	79	176	183	47	127	173	237	238	45	253	3	64	150	185	14	69	94	147	135	110	30	59	233	128
212	226	53	4	237	117	209	33	94	56	216	213	110	8	65	43	100	26	166	24	15	189	165	19	203	38	194	73	212	238	231	245	135	106	246	73	149	133	247	57	222	220	103	142	221	210	197	48	233	164	179	62	171	234	146	40	79	76	88	220	221	133	74	85	151	43	140	6	20	163	222	119	223	170	151	86	132	92	241	168	249	66	166	44	199	43	176	155	128	193	82	115	144	115	153	59	100	224	32	140
186	161	178	103	125	153	193	89	177	41	194	102	7	13	207	69	226	137	52	142	185	50	149	39	184	146	210	20	28	151	76	101	178	75	24	105	68	76	86	5	248	46	117	0	192	240	38	157	147	127	56	60	116	221	36	6	6	94	121	219	255	75	74	85	191	192	10	180	170	69	190	240	174	240	133	240	166	146	157	100	47	132	101	251	129	14	213	39	40	232	42	136	93	42	33	33	6	252	111	22
168	195	222	208	218	38	122	86	76	32	84	227	246	167	174	191	206	243	130	51	53	250	172	39	180	9	77	141	24	34	46	109	105	19	185	28	225	60	119	177	235	173	218	178	47	62	161	67	107	144	89	167	108	21	222	12	56	107	137	158	169	218	224	7	253	255	17	204	36	132	5	122	27	189	235	151	133	228	182	58	27	105	35	8	237	181	43	195	73	141	32	153	135	142	1	95	85	70	16	93
17	236	200	130	53	110	60	197	153	202	205	217	247	94	244	180	160	46	8	241	244	246	196	130	74	216	185	142	203	164	51	80	127	138	81	124	27	57	131	84	41	81	178	67	97	121	112	25	169	237	211	245	30	251	172	250	34	84	17	101	159	197	142	55	131	110	9	147	138	63	85	24	70	166	141	116	120	147	220	105	19	195	95	225	141	155	36	196	13	48	42	127	23	11	102	228	57	124	102	121
215	138	194	66	157	69	126	83	207	217	0	104	138	11	69	176	213	218	179	43	49	111	106	113	25	161	72	219	103	1	189	161	156	27	217	113	5	43	249	50	121	80	158	254	141	69	131	4	83	210	252	250	83	235	240	96	210	248	118	83	138	192	237	5	38	111	236	46	24	131	121	172	232	190	156	64	94	67	25	43	2	242	8	232	42	240	151	121	87	184	84	160	195	148	182	121	79	164	113	33
174	235	183	36	53	88	117	51	63	38	159	131	255	171	108	52	136	115	87	96	69	242	219	149	87	41	65	30	50	25	52	135	61	124	98	45	54	62	61	164	224	117	27	153	5	97	68	151	231	245	52	235	239	115	53	90	170	172	19	95	172	171	43	177	51	205	227	37	24	55	202	161	100	107	145	146	106	12	137	171	141	232	71	192	192	46	236	91	207	222	16	29	247	165	252	174	164	37	88	38
208	20	139	93	251	213	52	109	87	210	205	106	79	42	176	174	221	133	222	64	59	178	229	20	179	133	184	195	216	72	218	199	36	234	186	134	37	91	75	200	3	22	240	14	75	36	211	11	138	143	229	160	63	229	30	114	232	89	226	21	233	38	152	182	223	172	160	45	131	148	61	65	115	186	196	96	39	49	53	202	176	140	0	150	114	239	61	161	37	118	143	155	71	36	25	12	232	195	92	156
13	33	227	137	122	81	190	120	173	230	182	253	115	198	244	165	222	138	171	176	100	108	224	230	10	94	163	112	167	81	117	93	145	209	5	65	72	204	119	184	243	184	41	176	148	86	55	231	35	167	234	53	66	242	31	89	215	10	210	30	74	95	190	50	67	16	214	101	246	66	158	185	195	135	92	96	92	199	1	42	244	41	34	108	188	93	49	39	59	124	3	181	123	184	75	3	182	165	224	107
121	123	153	183	174	120	208	242	70	18	248	143	181	7	89	49	168	205	184	113	57	249	217	124	233	29	102	253	190	108	13	13	127	12	61	197	178	79	170	41	111	32	55	181	254	125	239	185	62	199	102	154	87	250	21	245	204	116	29	223	152	143	149	199	190	188	207	143	225	179	162	79	138	154	249	76	12	67	155	122	80	95	204	112	236	148	123	211	198	179	248	191	129	18	26	219	148	204	244	238
199	218	190	117	82	1	118	6	85	9	198	174	25	50	255	196	198	65	42	154	33	185	193	181	22	68	234	19	82	124	180	123	78	250	24	159	126	98	32	78	32	121	59	75	212	14	95	229	127	99	31	249	104	71	107	70	190	111	225	141	18	153	63	24	167	12	12	84	81	29	255	221	97	170	38	95	74	218	3	183	243	20	35	55	82	199	147	190	176	248	129	118	49	203	39	2	111	55	74	140
149	96	123	171	102	242	224	41	198	220	37	98	4	91	140	135	156	178	128	116	21	38	135	92	134	44	203	231	242	195	158	248	229	199	120	153	148	110	87	180	168	87	132	66	214	146	95	127	29	51	228	149	212	105	114	22	210	141	117	152	99	199	223	255	126	178	163	204	82	244	147	28	124	87	90	148	46	7	102	151	144	24	244	151	174	123	189	44	68	223	57	224	6	151	158	73	95	171	118	6
206	115	118	157	45	24	97	248	158	95	142	38	10	250	98	1	109	116	71	122	31	222	27	170	0	179	140	2	236	33	241	99	81	41	80	7	103	54	164	214	244	228	243	211	174	52	200	234	129	161	233	181	26	169	88	51	24	65	219	24	91	68	244	176	1	195	226	42	252	166	204	141	220	213	149	245	210	228	117	28	245	80	214	58	115	65	177	95	89	111	177	228	130	82	137	212	158	102	175	124
106	161	109	225	223	167	83	1	199	224	171	58	39	241	159	81	230	161	220	61	100	154	6	68	96	168	68	28	47	143	205	188	255	215	182	251	154	64	119	161	196	187	77	223	230	123	47	216	63	96	95	141	70	162	108	151	230	57	58	70	226	72	118	155	177	73	61	124	167	136	84	212	45	232	73	127	119	95	238	21	58	148	118	124	42	138	52	180	52	247	198	23	13	197	137	169	95	237	31	228
195	229	30	156	107	189	16	107	147	132	133	180	251	91	78	38	10	52	73	198	248	80	152	157	69	34	236	230	144	15	8	107	122	28	177	133	8	236	52	11	109	190	66	11	213	140	87	89	116	189	103	160	166	68	91	114	144	199	124	122	135	41	79	76	111	243	0	185	230	6	223	196	165	249	248	76	208	25	231	209	209	46	109	176	195	38	96	62	39	114	22	62	246	251	171	250	37	44	188	209
109	210	13	200	94	83	112	22	142	241	241	229	101	248	31	124	4	188	235	19	34	253	153	168	195	224	236	204	192	198	201	149	168	62	139	214	246	40	199	123	77	156	55	161	21	37	178	50	52	195	10	98	164	97	147	222	11	17	141	132	130	12	131	41	10	49	211	169	223	2	244	153	25	145	164	168	83	117	182	72	51	22	255	212	23	16	160	226	85	162	40	59	70	112	203	219	173	245	130	170
44	86	74	228	72	248	143	55	15	237	90	127	212	208	167	224	25	228	221	87	16	102	243	204	36	225	30	220	39	130	120	123	155	1	243	136	235	126	88	28	89	72	164	85	82	129	47	3	186	143	238	166	224	20	21	230	47	138	172	186	161	71	214	235	78	236	178	19	221	54	143	207	137	170	9	127	69	63	64	198	245	1	235	200	16	3	134	39	204	14	116	44	51	85	222	111	10	16	25	251
16	31	200	116	71	5	172	6	12	24	251	206	254	123	66	119	135	72	9	70	97	153	53	44	179	5	176	195	120	218	184	70	68	157	32	119	170	49	23	75	200	213	186	1	170	237	121	85	89	144	50	191	131	200	24	19	163	151	150	30	39	149	63	110	151	157	196	99	42	68	83	114	117	108	141	45	172	203	5	107	12	113	105	184	75	19	253	242	184	243	243	62	15	49	86	152	19	254	185	35
152	107	47	170	162	242	40	250	80	47	37	6	194	89	177	110	218	152	137	52	115	99	208	18	116	32	123	94	180	250	139	243	176	254	44	245	204	69	73	206	155	73	158	183	83	141	63	227	171	89	89	39	231	10	42	170	64	158	64	242	99	69	68	236	137	185	123	19	152	65	74	201	198	185	109	5	224	168	14	240	187	19	19	42	193	27	111	165	166	223	105	241	242	140	165	189	42	196	123	81
56	249	135	156	96	123	175	169	118	225	108	227	92	205	49	10	86	122	126	25	60	234	173	65	166	9	9	119	91	96	216	20	146	67	59	130	76	50	48	217	53	160	152	120	251	10	1	14	173	60	29	37	102	36	93	68	32	43	158	216	52	105	13	203	128	66	28	73	199	87	191	159	195	155	40	13	111	5	141	26	134	80	103	164	20	205	215	222	124	145	147	14	159	251	164	42	36	179	148	62
91	231	47	188	136	27	107	50	103	65	208	207	111	185	82	154	65	59	80	208	141	155	98	86	30	101	253	1	184	126	220	116	4	59	161	213	23	57	39	177	115	31	79	34	54	177	145	244	52	25	224	50	65	186	46	60	103	133	175	167	24	189	50	196	199	0	185	40	24	74	136	145	222	12	65	249	178	229	183	17	145	97	64	74	221	136	150	240	95	51	205	9	81	214	115	65	124	52	62	111
135	218	39	242	143	16	123	128	127	42	181	8	8	32	56	13	52	149	207	57	27	55	168	35	160	21	27	45	234	52	52	34	53	154	138	171	43	57	14	201	2	194	64	7	162	208	103	50	47	7	193	201	5	245	96	48	47	100	112	25	244	166	33	153	109	233	246	18	164	9	6	147	205	46	228	250	215	130	250	194	57	228	134	10	5	169	40	64	91	59	234	137	64	202	80	125	248	16	32	34
74	65	189	53	245	198	138	21	51	74	140	11	196	225	129	121	58	35	65	250	129	15	165	205	111	20	94	3	147	188	55	241	21	0	131	119	204	101	214	164	29	78	43	169	125	141	173	27	244	71	4	195	2	45	154	10	250	103	182	54	41	201	63	151	170	251	2	164	103	228	18	8	175	102	209	59	119	144	27	72	19	203	71	31	105	30	81	192	59	118	54	174	149	66	151	224	126	39	230	118
31	183	86	114	0	68	75	101	43	72	242	59	71	244	62	117	27	27	78	154	26	26	225	119	126	166	238	171	49	213	103	171	68	210	131	3	11	92	162	222	212	123	232	149	159	139	35	14	230	36	133	101	13	138	98	115	132	150	192	40	211	105	96	109	182	5	117	137	47	179	134	241	169	10	146	3	127	115	17	53	87	102	91	110	250	222	243	142	4	179	143	50	38	25	254	193	185	96	61	200
128	176	151	179	75	151	92	162	134	72	237	237	46	139	80	34	76	207	115	159	37	93	166	119	89	250	178	253	199	70	37	187	35	13	210	56	159	213	186	107	8	221	31	221	191	188	12	58	187	26	71	50	172	23	0	172	6	180	32	217	217	70	214	232	209	140	133	21	224	125	216	57	41	84	67	56	96	160	129	176	216	50	142	105	168	12	13	7	54	197	89	227	207	225	163	7	180	241	171	89
97	71	151	254	172	198	203	147	45	68	124	120	221	33	139	71	177	12	148	94	151	189	223	204	206	190	162	146	165	226	110	111	190	199	234	13	6	177	206	147	197	241	194	150	224	141	52	132	172	215	242	46	178	74	250	233	128	39	94	163	150	142	225	92	215	19	41	144	50	249	223	196	181	41	213	237	163	159	45	21	205	29	150	243	183	38	83	146	184	233	148	123	189	190	128	71	117	206	162	196
28	60	48	241	224	168	204	171	134	1	8	243	84	190	45	127	188	255	105	95	28	34	183	199	83	142	139	11	163	242	203	33	72	121	247	92	186	231	78	189	28	23	202	205	73	71	135	86	192	117	15	243	26	69	130	132	255	112	228	8	121	161	53	170	91	221	164	108	174	32	107	229	66	242	49	159	159	49	209	29	218	82	155	57	95	232	1	61	242	119	72	65	129	140	92	254	164	185	191	216
