150	17	12	80	70	116	34	8	117	82	1	65	249	25	247	242	207	11	12	26	249	163	37	149	122	197	161	177	187	156	124	46	27	203	21	214	233	213	149	42	50	79	1	20	185	185	245	237	63	183
57	79	155	162	199	170	247	155	173	252	146	66	253	196	101	185	48	215	181	47	106	37	76	246	48	46	119	126	148	64	25	254	108	114	113	220	219	137	36	163	53	226	107	84	244	176	180	202	242	107
33	69	68	23	14	209	249	150	179	144	240	135	160	15	158	76	158	160	1	244	45	76	249	167	143	47	113	115	180	216	77	24	200	214	139	130	106	142	254	6	16	62	146	160	37	98	182	195	161	253
135	176	7	113	35	160	113	163	238	181	232	163	196	65	171	130	185	226	132	65	42	170	177	89	149	170	217	89	16	243	102	102	215	184	127	242	180	52	36	1	203	85	39	32	229	94	10	14	19	66
39	68	230	180	211	239	9	159	245	62	206	238	0	156	166	70	138	42	47	254	247	12	12	36	105	40	199	177	169	253	114	118	162	192	15	143	130	18	220	141	248	20	0	27	200	38	92	87	211	151
62	133	78	144	84	165	44	2	192	50	7	243	18	226	27	144	48	86	16	226	165	66	57	68	109	110	26	139	48	252	219	149	33	217	71	250	32	178	55	42	40	174	182	21	212	68	216	147	83	140
151	121	1	181	111	131	162	137	48	142	248	9	137	97	222	221	129	173	42	167	2	61	201	10	141	164	227	185	135	130	19	114	204	141	56	25	12	100	222	2	138	182	36	148	237	64	117	255	213	90
173	99	214	191	215	228	8	49	8	216	177	54	155	214	183	109	224	227	92	10	150	177	255	168	144	37	110	58	213	115	85	170	79	98	39	214	223	122	217	248	141	23	71	222	140	9	202	2	62	162
122	153	167	23	229	154	5	171	255	120	221	89	26	26	145	188	216	38	130	130	209	66	173	214	15	255	128	55	221	152	30	109	135	25	149	20	21	97	12	103	39	112	85	23	164	113	93	12	231	82
229	194	167	132	3	210	42	94	102	250	218	70	156	100	66	141	44	153	129	204	150	58	67	70	13	178	114	72	231	158	178	178	184	18	61	1	238	16	3	181	162	234	51	158	229	185	173	209	11	167
120	214	120	70	74	167	254	49	131	12	199	115	49	155	40	206	90	179	236	83	196	19	160	109	249	3	91	236	19	223	239	243	157	92	44	118	179	23	30	222	238	139	3	129	246	99	245	197	124	113
110	62	233	183	208	68	51	40	96	67	103	38	24	198	229	124	55	160	49	96	228	230	118	214	121	249	35	168	186	138	254	183	106	170	203	134	229	0	101	179	60	231	220	59	231	3	222	65	168	1
141	215	137	116	250	78	75	138	192	227	99	136	65	5	240	224	4	244	208	94	69	141	30	107	146	99	211	92	39	241	28	254	99	129	86	132	198	69	211	14	229	11	170	103	129	128	47	130	160	214
198	1	165	71	129	212	79	142	97	17	45	149	253	70	202	223	74	82	202	206	224	126	188	90	220	46	9	67	148	49	74	50	46	48	167	71	82	233	25	86	127	32	28	199	117	0	118	106	244	248
169	70	145	50	114	59	100	134	183	34	222	142	3	249	243	100	166	213	137	217	213	91	92	238	246	95	173	118	250	188	249	221	151	45	28	114	8	49	139	138	191	90	125	144	191	235	4	148	119	75
218	140	64	128	139	189	101	79	176	107	99	190	227	83	228	237	7	103	119	108	170	120	109	117	252	10	164	246	57	235	253	198	32	248	100	147	37	48	151	218	13	217	199	253	94	228	75	212	206	88
246	166	171	21	218	255	178	229	179	53	236	243	135	252	154	157	106	85	78	179	123	235	236	212	220	107	225	222	238	10	0	119	15	48	188	55	76	117	79	226	63	215	117	154	186	148	131	172	30	131
134	96	171	2	162	140	60	86	58	216	73	251	63	2	214	93	47	84	115	114	211	49	165	208	174	235	5	230	251	66	223	243	97	84	101	91	207	16	38	61	214	123	226	139	245	170	11	187	183	53
147	55	27	95	62	73	209	41	23	6	35	103	209	226	208	11	121	221	66	191	12	241	214	213	228	88	99	33	94	232	224	133	20	120	230	24	155	19	148	11	2	144	24	244	129	17	46	183	206	39
255	190	172	251	91	130	146	14	66	117	64	125	191	3	164	57	38	218	201	188	240	42	17	65	34	121	52	3	2	201	42	193	84	246	194	69	52	46	6	119	227	227	70	15	85	121	22	226	201	166
38	247	71	198	58	51	202	222	26	141	65	41	166	68	147	155	95	120	198	56	126	74	217	139	25	142	68	236	73	141	190	6	28	98	14	239	230	196	161	17	153	77	129	246	136	158	52	61	216	85
167	126	41	156	87	171	242	247	214	30	83	44	118	138	17	213	0	80	115	252	157	251	29	145	224	220	104	121	78	160	20	98	2	204	6	122	134	20	177	17	34	225	182	95	120	186	142	11	37	132
96	144	61	97	73	145	81	255	237	33	243	239	2	254	221	9	66	37	153	11	213	83	35	97	73	47	26	233	39	220	138	129	186	60	204	141	230	137	177	1	165	36	149	162	229	116	187	13	178	121
115	66	32	9	183	159	35	49	99	239	138	158	191	53	216	55	254	37	187	242	155	173	170	247	227	127	182	3	27	36	253	130	171	119	249	230	138	138	139	73	163	47	239	39	108	64	47	224	213	220
67	235	165	30	100	1	164	205	167	82	95	197	186	185	239	64	192	101	8	89	78	110	77	116	180	82	252	71	178	81	221	152	176	12	18	37	198	152	210	174	145	20	182	199	156	5	167	216	170	177
18	75	254	235	128	43	240	60	225	12	206	156	84	199	69	146	17	11	88	99	0	12	105	56	156	43	22	38	71	50	18	22	91	101	188	250	171	151	222	248	253	117	175	34	12	33	152	34	188	83
229	135	152	188	161	150	164	35	162	15	90	219	69	132	176	225	27	169	101	49	189	104	45	40	141	141	15	146	48	168	185	235	21	101	214	223	60	225	113	1	205	204	53	112	118	53	59	68	75	151
188	191	10	162	200	130	215	71	214	238	186	219	174	220	137	219	86	186	74	197	56	86	179	181	243	150	55	182	231	21	231	37	52	71	123	19	174	203	244	149	90	237	225	36	63	207	229	217	180	127
15	243	235	176	62	162	53	128	101	67	139	130	194	255	199	58	93	170	226	114	92	1	124	79	105	210	239	150	14	248	103	229	228	84	113	55	83	5	242	62	33	19	42	78	118	199	143	112	60	55
39	44	241	70	201	22	83	250	209	1	158	199	38	115	217	19	114	32	188	123	39	163	223	134	31	141	227	35	157	134	122	54	60	250	52	184	135	214	198	125	188	87	168	94	11	178	218	2	63	231
240	137	213	228	172	79	45	182	95	179	37	197	14	83	159	40	159	135	180	236	242	68	209	104	95	11	140	117	62	229	55	47	231	151	20	137	129	153	6	14	210	122	12	252	73	164	176	193	195	65
165	167	6	239	200	169	64	92	143	34	37	42	150	122	103	103	113	236	4	148	181	22	66	190	142	168	211	217	145	141	162	129	37	176	145	242	159	119	202	102	151	230	199	166	109	198	101	107	70	148
167	240	139	23	13	198	35	201	233	145	3	238	66	42	142	208	163	216	121	147	106	92	73	198	240	120	15	184	123	87	22	78	18	50	158	153	187	159	197	60	99	139	100	223	144	1	247	1	206	67
46	243	204	10	40	66	156	154	185	43	53	99	224	132	161	2	217	109	172	109	142	110	49	228	112	160	104	161	145	67	158	146	212	26	37	22	45	17	96	218	94	146	53	28	126	128	74	52	117	33
26	120	83	154	204	46	95	220	244	246	192	30	171	173	184	5	108	195	27	16	119	103	110	67	198	170	179	208	203	29	239	197	175	6	67	155	159	99	47	118	226	0	159	152	36	230	94	222	45	27
15	96	251	220	182	99	211	96	197	135	129	18	149	76	19	61	140	143	203	68	250	34	57	38	62	208	168	154	34	83	11	54	197	173	114	7	86	107	185	136	204	186	99	249	254	105	224	212	72	253
100	122	179	242	71	223	231	106	232	141	191	76	238	32	251	37	136	40	36	157	144	239	226	4	101	103	78	127	227	137	67	254	88	133	71	183	136	184	79	24	203	120	180	28	186	224	112	142	206	247
11	24	154	199	76	215	83	145	135	11	183	92	35	108	63	255	240	97	77	219	27	113	0	87	188	173	63	79	88	161	187	117	23	72	131	33	1	105	67	187	60	62	123	185	96	83	19	141	77	173
8	210	158	13	174	130	68	70	217	210	68	223	126	226	46	154	178	137	16	147	175	77	139	254	178	109	221	75	182	104	58	70	217	241	237	81	214	122	102	233	116	241	77	66	76	9	231	131	66	26
214	120	241	214	226	233	4	195	246	174	174	26	156	193	88	223	176	32	132	3	223	120	124	141	183	212	127	163	121	138	19	89	77	115	41	133	170	85	144	244	159	158	95	11	143	76	149	138	130	218
174	147	135	196	42	90	60	118	212	24	197	69	109	147	102	120	8	177	193	252	136	199	55	14	1	157	136	24	173	141	211	230	188	125	148	216	92	90	173	247	171	169	62	143	122	223	243	12	27	17
96	30	251	114	49	1	84	227	198	88	32	173	150	69	25	171	180	89	54	180	186	31	165	115	38	220	41	230	229	113	195	62	10	133	129	127	22	244	237	118	166	218	125	112	63	90	119	87	2	202
104	115	128	179	159	156	114	158	138	188	143	67	119	84	247	145	141	15	194	205	41	201	179	2	146	165	30	97	7	43	45	84	89	28	26	85	0	201	240	37	249	35	131	180	99	6	66	137	134	136
146	137	235	130	138	109	23	36	155	242	46	48	139	44	85	159	242	45	57	229	250	191	133	230	144	224	119	253	192	14	67	72	241	59	96	103	191	67	244	179	221	99	174	203	171	56	145	61	234	246
124	222	214	135	77	206	105	242	105	40	36	192	159	127	113	175	217	56	139	83	122	226	65	26	111	52	48	93	234	183	117	226	162	150	190	176	122	58	51	71	245	191	70	98	22	213	60	10	33	136
39	130	35	126	1	79	252	97	196	252	215	77	239	7	20	23	206	153	196	198	5	51	160	43	192	138	253	75	110	87	56	171	70	48	23	99	123	112	198	165	128	153	31	195	30	98	90	68	55	212
61	73	161	42	134	179	208	183	53	41	67	112	226	45	204	185	57	163	17	151	41	198	212	254	63	49	242	13	171	24	90	174	210	92	110	22	21	52	16	0	192	46	73	34	21	57	18	144	66	175
74	224	209	245	229	207	15	181	42	121	235	64	202	16	162	247	48	127	103	45	160	35	103	57	119	76	215	219	106	100	107	10	161	130	18	127	25	94	213	93	7	174	46	165	163	170	250	23	111	75
164	156	51	54	48	77	121	96	193	81	11	107	51	84	116	40	8	155	85	54	164	192	33	22	193	58	98	70	44	86	182	65	81	8	197	193	157	88	44	114	135	215	160	219	163	246	249	48	122	15
31	79	99	192	215	32	64	136	98	10	25	21	228	150	6	113	207	160	223	114	70	20	223	15	160	126	227	88	211	213	249	208	163	192	163	95	105	105	73	173	56	5	83	163	188	46	159	121	95	49
