242	136	226	61	171	86	241	172	99	89	79	76	159	185	240	193	98	2	212	192	97	149	19	174	37	88	124	87	184	231	34	99	221	171	108	211	45	94	214	220	93	25	51	237	138	242	58	160	128	82
227	128	197	255	172	29	17	227	239	87	161	195	230	153	197	65	79	252	40	190	162	133	76	20	76	253	227	252	147	218	244	99	166	186	193	77	187	194	13	229	222	200	51	160	175	104	227	239	190	68
143	25	24	131	207	105	116	2	247	70	10	254	190	96	182	133	246	224	179	91	1	177	232	4	236	7	105	221	29	48	219	152	138	52	220	41	214	16	59	6	92	240	62	199	221	96	128	134	176	143
232	203	70	152	53	232	166	51	220	125	178	6	197	222	82	120	138	115	0	145	211	146	192	40	244	246	124	140	20	106	35	129	117	10	232	21	87	129	105	193	197	237	128	252	105	187	7	165	255	5
204	168	120	240	167	179	7	179	25	125	65	77	211	61	88	12	18	36	87	160	55	121	81	49	41	122	104	248	250	142	71	81	83	203	107	85	70	208	154	173	74	230	107	155	154	148	162	128	207	233
213	255	68	191	93	43	138	160	114	69	123	180	1	252	151	71	246	213	11	158	211	144	3	1	106	9	151	62	182	15	132	23	131	69	196	126	128	138	239	245	47	253	99	201	95	219	225	218	16	228
216	33	111	130	162	189	91	157	148	66	74	14	125	167	75	100	179	69	211	116	197	34	37	205	222	97	158	94	248	35	207	69	135	204	171	51	176	186	125	202	53	166	173	189	206	32	136	100	18	69
129	228	78	173	253	221	189	174	169	68	246	36	23	171	169	231	253	109	11	68	192	1	166	234	55	54	82	55	28	13	161	156	200	51	224	134	176	35	153	246	93	45	245	49	44	20	186	180	36	145
185	149	187	18	55	130	65	129	232	156	63	180	166	18	41	192	219	126	39	224	255	235	176	176	124	123	171	25	53	35	155	125	191	55	101	241	58	190	71	186	53	107	138	89	5	173	152	130	193	43
1	15	245	193	2	171	100	156	147	218	66	251	61	19	209	51	190	224	245	223	61	220	245	246	99	1	180	188	217	170	42	230	49	42	93	3	25	32	18	125	212	215	79	121	114	42	186	217	112	3
10	151	197	83	134	10	59	190	75	45	215	229	174	236	164	145	67	219	248	43	112	175	165	40	124	21	227	247	59	207	124	196	214	45	178	244	0	33	208	157	102	43	233	119	10	22	134	147	85	224
242	205	193	144	207	222	107	49	120	216	179	65	88	203	151	70	232	203	7	183	56	232	158	199	226	4	150	22	156	67	49	53	32	15	39	163	252	87	116	145	221	213	60	45	171	53	112	103	48	80
59	250	195	61	73	202	103	152	19	235	231	162	63	20	98	28	19	245	149	186	189	95	114	243	225	193	38	229	149	247	151	217	103	184	238	10	246	20	77	218	236	222	51	229	199	144	233	46	62	16
92	217	135	221	171	226	168	103	250	23	108	55	25	229	153	104	166	208	51	24	171	16	140	80	25	182	110	131	5	26	148	48	2	6	29	140	147	3	17	172	112	23	144	54	49	80	147	26	174	63
52	184	124	219	140	8	222	254	28	217	217	212	72	157	82	4	193	193	23	131	143	66	241	183	29	148	100	79	43	231	158	223	241	134	30	45	69	112	234	138	177	28	224	9	216	244	239	33	142	116
192	218	183	194	156	215	135	238	201	39	85	51	104	40	122	112	84	40	85	245	119	90	94	66	154	60	235	102	128	213	246	201	70	140	163	239	96	171	147	105	67	193	168	146	17	159	239	213	232	100
73	202	194	209	209	26	23	84	90	69	15	210	182	218	233	158	5	196	231	139	36	174	47	26	22	3	98	147	241	107	19	26	112	213	84	98	44	164	198	250	3	195	215	82	126	150	24	252	63	223
85	29	240	194	110	175	175	211	103	152	184	216	235	2	79	136	169	162	234	218	209	175	87	198	184	154	237	193	96	170	145	50	106	9	25	139	254	68	23	212	109	1	235	57	9	218	110	7	13	157
71	121	62	186	103	170	77	89	71	143	233	179	113	207	144	41	143	236	21	132	194	65	170	106	76	14	129	213	208	212	1	12	198	77	139	167	128	61	61	122	205	138	57	189	29	215	218	0	80	181
146	254	219	243	50	109	102	0	178	21	40	248	147	247	35	119	88	148	11	63	178	29	38	102	249	18	165	171	39	202	57	31	213	44	254	208	99	235	36	125	144	188	132	107	177	243	240	14	73	120
175	242	100	77	246	172	60	11	205	221	36	93	98	120	243	78	205	47	214	182	32	237	143	149	210	80	3	140	24	83	245	53	133	2	98	140	73	204	250	95	228	116	175	144	255	184	77	30	57	131
86	131	172	76	150	60	72	198	8	205	91	83	13	120	40	57	40	139	114	254	93	165	203	5	209	124	36	130	254	213	91	66	115	85	223	44	231	215	61	64	123	242	54	99	152	188	249	144	218	191
49	70	17	177	199	192	163	107	18	135	192	8	101	168	144	245	60	231	154	82	55	42	174	18	21	54	250	211	120	189	210	251	42	62	174	220	71	165	61	166	175	202	166	224	166	62	125	13	168	85
185	117	135	51	41	102	23	224	157	18	25	48	230	146	1	78	69	186	87	180	39	137	112	127	217	83	239	154	59	86	83	211	222	122	21	244	101	97	171	252	13	26	16	154	68	168	148	246	130	49
186	129	38	111	155	175	89	49	214	130	8	68	32	65	215	201	159	249	165	199	123	70	184	94	75	188	53	142	11	144	55	117	233	174	90	19	194	91	44	126	204	35	30	148	75	255	77	168	78	87
145	96	128	106	138	21	203	37	238	149	9	143	184	75	45	8	246	164	120	234	49	173	94	67	8	134	219	255	217	176	219	123	228	214	231	150	130	128	187	37	137	111	21	225	62	208	9	97	146	226
183	22	113	90	24	170	104	253	103	150	252	246	23	63	149	74	48	230	130	33	148	185	20	222	31	86	71	94	152	141	246	53	94	242	246	194	144	27	47	106	132	197	164	56	66	77	24	200	3	254
76	172	13	37	52	160	214	130	164	169	203	153	145	41	14	233	52	143	133	240	255	132	177	88	27	9	183	114	56	167	10	6	130	170	86	134	38	179	44	112	35	98	54	17	87	55	170	89	20	118
189	41	88	170	171	13	206	194	147	52	194	8	188	232	169	54	206	185	112	15	161	180	235	96	51	73	110	162	85	160	87	15	220	105	140	18	239	147	61	219	107	212	121	108	136	19	123	67	242	29
135	113	201	226	70	62	57	74	102	165	94	67	85	66	53	191	123	70	19	18	36	33	69	235	101	135	163	53	59	33	164	3	246	1	179	136	255	147	130	182	106	139	44	132	132	84	3	247	2	128
60	184	35	158	207	63	36	173	74	131	128	129	122	222	11	44	146	42	138	8	133	24	151	85	162	199	92	106	110	187	138	19	103	229	255	146	48	215	162	98	45	46	65	246	240	219	159	246	190	33
227	136	164	28	154	34	219	186	251	55	190	155	217	38	42	196	80	187	164	91	197	53	10	252	207	30	50	179	133	165	178	220	193	10	74	212	27	34	78	83	206	16	136	11	75	128	73	20	73	84
254	209	11	234	101	157	229	144	106	179	22	76	72	5	155	246	81	146	138	49	109	246	213	109	83	17	183	227	179	111	224	48	194	246	136	227	121	250	113	103	13	245	127	14	108	31	167	234	183	61
213	181	183	191	151	246	232	147	14	37	169	58	252	240	218	225	110	173	41	80	4	154	245	219	212	20	130	156	117	124	85	68	150	208	177	207	154	86	189	173	128	40	77	27	182	206	88	14	207	161
55	145	114	175	145	92	81	12	104	70	34	44	163	194	188	223	181	16	6	203	240	73	134	74	112	101	115	206	174	58	192	70	32	1	5	248	54	113	147	17	42	107	87	180	172	145	53	145	210	203
236	9	141	167	97	29	88	51	115	217	219	185	20	19	250	179	10	145	119	5	191	77	224	227	31	29	118	176	42	90	15	72	15	98	121	198	50	38	8	97	165	144	27	84	52	238	102	100	117	203
53	151	193	94	200	190	152	200	107	7	58	204	71	126	111	5	244	208	184	187	234	53	243	111	43	103	152	234	97	7	128	73	212	195	105	49	159	138	98	62	158	32	251	124	18	182	131	228	253	144
200	83	165	209	227	126	111	152	21	155	16	157	225	112	47	128	29	65	249	160	48	101	242	203	49	149	46	230	16	80	245	133	142	155	2	88	128	98	45	170	49	194	109	198	222	55	218	33	131	181
139	99	220	118	42	217	96	43	74	242	201	205	24	229	241	178	179	244	155	194	108	221	17	17	241	205	69	18	249	220	176	224	230	29	255	107	89	166	89	190	26	215	94	59	233	46	155	42	23	162
194	171	47	129	15	49	117	162	1	216	163	60	186	35	207	176	24	9	74	38	174	98	238	84	39	101	227	1	219	229	73	1	81	119	175	205	48	49	82	155	120	236	49	137	50	0	132	122	214	92
147	5	228	45	77	116	50	238	73	247	107	154	93	31	188	117	56	71	66	151	51	148	253	184	25	161	75	3	16	168	31	84	170	5	115	178	76	178	185	224	56	55	139	215	49	31	37	120	249	214
164	106	244	12	57	119	46	164	100	77	148	31	135	58	121	71	48	70	154	134	203	130	179	190	102	246	90	66	210	131	236	167	97	17	196	4	231	48	153	250	80	2	235	13	105	87	251	42	87	156
204	154	134	143	135	102	119	124	192	188	21	15	52	247	230	87	211	158	89	43	164	236	211	76	40	178	44	211	240	21	225	205	221	22	45	132	119	27	196	70	96	20	143	124	82	151	227	74	20	179
168	187	228	131	23	105	67	151	142	177	63	103	252	81	206	237	103	85	239	123	249	162	152	179	107	149	242	126	240	4	156	151	34	4	242	202	255	167	224	73	186	45	196	238	87	249	29	164	10	90
52	74	131	73	248	181	91	206	61	106	223	6	239	30	215	140	11	44	80	63	93	85	40	157	55	213	22	185	180	6	55	149	208	108	92	136	34	223	206	154	93	223	177	223	35	234	24	60	175	18
138	153	90	150	148	5	50	95	41	224	169	8	58	141	40	156	137	44	23	247	113	146	199	236	99	187	21	132	105	115	22	86	72	41	144	161	171	187	5	132	228	1	255	152	15	37	27	179	242	189
108	141	159	136	114	113	65	136	195	161	71	167	58	141	3	135	17	110	36	250	141	150	24	94	60	97	105	58	1	203	134	200	66	250	241	67	160	253	22	233	53	10	41	238	146	153	246	138	154	66
241	244	111	178	62	7	100	241	176	43	208	128	207	34	188	190	190	48	84	8	27	43	39	239	189	51	121	11	253	22	12	102	115	164	63	15	173	227	178	223	56	104	167	41	35	93	218	217	142	149
225	11	248	28	164	148	115	9	4	137	238	63	41	36	184	54	124	155	117	128	227	31	57	213	222	14	196	137	154	147	141	38	156	26	127	25	113	186	202	12	154	122	190	161	243	9	206	5	74	99
74	249	45	236	92	196	212	123	173	228	1	51	110	133	132	5	57	62	225	250	27	92	23	231	20	83	66	251	5	45	89	220	62	113	94	224	3	87	31	139	166	244	199	232	58	93	132	163	201	63
